77
sp|P38199|HEK2_YEAST           0.0000000 1.0708521 1.9431729 3.5990221 3.5760438 3.2048368 2.9165949 3.6211771 3.1848310 1.3805840 3.4980412 3.7745878 3.7603859 3.7673896 3.7219204 3.7255536 3.7307332 3.4754130 3.8024892 3.9334068 3.7204189 4.2233124 3.7088908 3.5936653 3.9527200 4.3078602 3.6944207 3.4775668 3.1913110 3.8076985 3.4370425 4.1688130 3.7738787 4.0538272 3.9562176 3.8663571 4.1338000 3.7907792 3.7284127 3.5843441 3.7708782 3.6673601 3.8307583 3.5842373 3.7763768 3.5677541 6.6847736 5.5385374 4.2523777 4.2452424 4.0544719 4.2801501 3.7680393 4.7291593 3.8564469 3.7765552 5.2984378 4.2207386 4.0166015 3.7649722 4.4610088 4.1988121 5.6024254 4.9179394 5.3290122 4.1340656 4.8849164 5.0553784 4.8000461 4.0176295 4.5220371 4.1645005 4.5144142 4.5075550 3.8064670 4.1298353 4.3072559 
tr|A0A0W0CSB5|A0A0W0CSB5_CANGB 1.0708521 0.0000000 1.5577561 3.3846386 3.2266953 2.5571143 2.4276773 2.9955912 3.0156724 1.2099263 2.9593331 3.1339704 2.9348480 2.9870813 3.2371928 3.1556516 3.1689095 3.0725773 3.2327406 3.1354291 2.9843880 3.2487523 3.4830072 3.0529147 3.0975239 3.8432483 3.1177474 2.8114418 3.0727968 3.4453487 3.1192601 3.6547442 3.2695976 3.2311529 3.2090505 3.1769291 3.0148536 3.2041088 3.0997848 3.2346357 3.3438615 3.2308448 3.2716968 3.1095763 3.2526867 3.1047058 6.8247518 5.1452122 3.9018147 3.1279083 3.1749779 3.2877053 3.3155169 3.9727374 3.5389973 3.2496212 4.0809919 3.7145619 3.8813563 3.3013875 3.6291811 3.5359696 4.3881407 4.3984487 4.4215666 3.8831172 4.4276562 4.7418757 3.5493790 3.4585610 3.5986499 3.6016287 3.5070844 3.5965973 3.4899037 3.4557806 4.0202464 
CAG99590.1                     1.9431729 1.5577561 0.0000000 3.2677354 3.3474165 3.3509026 2.8806125 3.3284122 3.3576935 0.7867490 3.4842637 3.8431102 3.3912613 3.4401059 3.3111194 3.3652936 3.4973862 3.3283935 3.2256174 3.4648153 3.5639525 3.5315610 3.5934081 3.4920477 3.7122075 3.7811511 3.3475987 3.3766680 3.0355852 3.4803808 3.0379862 4.1300023 3.4970173 3.5410758 2.8767955 3.4411636 3.6854133 3.4965643 3.4690407 3.4344860 3.5423349 3.5182022 3.6836894 3.6046113 4.1077663 3.4769190 7.4838028 6.0014826 3.7574811 3.8418885 3.5816914 3.7412137 3.7368124 4.2414063 4.2164220 4.3538260 4.5921007 4.6065388 4.6789661 4.2393272 4.2165618 4.3119582 4.7201824 4.6302921 4.6510646 4.2060363 5.1208788 5.0115377 4.1520807 3.8763685 3.9944358 3.9259290 3.6148106 3.7807056 4.1476518 3.9220355 4.1823133 
tr|Q6BNR7|Q6BNR7_DEBHA         3.5990221 3.3846386 3.2677354 0.0000000 0.4157776 2.2797251 1.4363895 2.2501770 2.0281149 2.7753031 0.5175076 2.8672083 2.3197302 2.2588185 2.2504207 2.2897044 2.2739309 2.2697073 2.3195902 2.4586402 2.3985970 2.4023645 2.7075202 2.3891379 2.5978054 2.8100200 2.2037979 2.1123972 2.1186622 2.2737666 2.1353235 3.0078930 2.4435209 2.3186753 2.0769731 2.3315365 2.2183962 2.1572368 2.3228081 2.6369625 2.1895537 2.7247873 2.2681757 2.1256566 2.7881934 2.9040583 6.0833760 4.1215202 2.5093496 2.9949464 3.0144567 2.8715273 2.3661438 3.1236635 2.6068081 2.7546559 3.3551930 3.0933227 3.1254359 2.7080526 2.9063289 2.8460562 3.9199964 4.6834871 5.3657168 4.7935155 4.2927611 4.4042069 4.7060898 2.7266579 2.8867052 3.4092417 2.9548095 2.9475473 2.9795078 3.2489437 3.5578246 
tr|A0A2H1A341|A0A2H1A341_CANAR 3.5760438 3.2266953 3.3474165 0.4157776 0.0000000 2.1232250 1.4458240 2.0338891 1.7691642 2.6911469 0.6278967 2.8152037 2.1510339 2.0425092 1.8639666 1.9689792 1.9353866 2.0414443 2.1528036 2.1139996 2.2107125 2.3156274 2.3451366 2.1147078 2.2670944 2.5293450 2.0276971 2.1256474 2.1914522 2.2372079 1.8298323 3.1487243 2.3687448 2.2646401 2.1586922 2.1895405 2.2656036 2.3436385 2.3605257 2.5232857 2.2305770 2.6050772 2.2521025 2.2844597 2.8205479 2.4615605 6.5520514 4.1902575 2.2936233 2.8605209 2.7300775 2.7777577 2.5265566 2.8146373 2.4960573 2.8150098 3.0288544 2.8918464 2.8558676 2.8986270 2.7848243 2.6861513 4.0108447 4.9028184 5.2754636 4.3918282 4.1069982 4.3305180 4.1475099 2.6477158 2.6473749 2.8022231 2.8456146 2.9227762 3.0990791 2.9635297 3.3639664 
SOP79513.1                     3.2048368 2.5571143 3.3509026 2.2797251 2.1232250 0.0000000 1.3505993 2.3869347 1.8984750 2.9864172 2.2012769 2.5836190 2.1793836 2.3109298 2.2302562 2.1617046 2.2028628 2.1778074 2.2405168 2.3914659 2.3433770 2.2895278 2.5119162 2.6935770 2.8171250 2.7390949 2.0992927 2.2146173 2.0957759 2.6265439 2.2345731 3.2087201 2.2175200 2.2985179 2.3287016 2.2912980 2.3438077 2.1835265 2.4351454 3.2090439 2.3386100 3.2251085 2.2649450 2.3586993 2.7823867 2.6076282 6.4072980 5.2174285 2.3564511 2.9661860 3.1868901 2.7848865 3.0019183 3.1448883 3.0001682 2.7079758 3.0156895 2.7102239 2.8360290 2.8716038 2.6579140 2.7032677 4.7995701 5.2494517 5.4253275 4.5932225 3.8280768 4.0416308 4.2855477 3.0404970 3.1662138 3.2816680 3.0777257 3.3647443 3.2734969 3.6248967 3.4282083 
tr|A0A1E4TXI3|A0A1E4TXI3_PACTA 2.9165949 2.4276773 2.8806125 1.4363895 1.4458240 1.3505993 0.0000000 1.9951071 1.6755040 2.4865990 1.4870702 2.3851095 1.8473612 1.9981811 1.9735122 1.9575889 1.8695999 1.9399381 1.9512472 2.0133808 1.9958853 2.0658230 2.0440460 1.9858418 2.0954649 2.1898550 1.7228508 1.6333479 1.9279739 1.9123633 1.8698238 2.5966025 1.9254901 1.9405073 1.9981006 2.0481439 2.0389645 2.1194032 2.1205282 2.6214242 2.1614563 2.8012443 2.1639175 2.1156643 2.3105773 2.2229276 5.9280187 4.5308035 1.8286907 2.6028416 2.8243511 2.4291316 2.5547409 2.9173309 2.3907178 2.3186650 3.3110771 2.4416294 2.5732795 2.3683462 2.5207945 2.4623149 4.7131292 4.2307420 5.7637627 4.5165053 3.8617966 4.1767504 3.7306326 2.3800987 2.7001318 2.7523890 2.7796262 2.8527732 2.6120805 2.7786908 3.0156475 
tr|A0A1E4TLY2|A0A1E4TLY2_9ASCO 3.6211771 2.9955912 3.3284122 2.2501770 2.0338891 2.3869347 1.9951071 0.0000000 0.9187135 2.9806076 2.3112997 2.4371530 0.9973012 1.0324923 1.0171942 0.9528430 0.9714421 0.9928691 0.9210639 0.9509446 1.0100423 0.9859499 1.3103593 1.3661259 1.4700131 1.8746280 1.0970875 1.1532768 1.3416241 1.3435025 1.1716293 2.5646598 1.3335404 1.3556881 1.2810928 1.4414105 1.3873580 1.2078197 1.2394461 2.3547086 1.2962331 2.3920018 1.2422664 1.2710298 2.0741009 2.6024071 5.3714662 4.7402465 1.5416874 2.9264788 2.0642821 1.7330817 1.8470490 2.6545366 1.9583881 2.1339307 2.8895415 2.3218320 2.4652287 2.0700156 2.2574915 2.2458626 4.3038965 4.4782796 4.2346083 4.1903685 3.7802361 3.8752584 3.9392741 2.4834618 2.6799444 2.7006767 2.6097465 2.5457255 2.3430477 2.6761748 3.0591609 
tr|A0A1E3Q8G3|A0A1E3Q8G3_LIPST 3.1848310 3.0156724 3.3576935 2.0281149 1.7691642 1.8984750 1.6755040 0.9187135 0.0000000 2.6193516 2.0499317 1.8734200 0.7340072 0.7902184 0.7350351 0.7238656 0.6731556 0.6976456 0.7079333 0.7515649 0.7441564 0.7750415 1.0861617 1.1315370 1.1608098 1.4905460 0.7326926 0.7727953 0.8930480 0.9454775 0.8484938 2.3165946 0.8121802 0.8105035 0.8728977 0.9714778 0.9222721 0.7873183 0.7942324 1.5704300 0.7941412 1.6021934 0.8055724 0.8508584 1.8737107 2.0976854 5.1121811 4.5035273 1.0180809 2.2780976 1.7295128 1.2978872 1.6723423 1.9045372 1.5110214 1.9546375 2.4326627 1.8782054 1.9364312 2.0047566 1.9165711 1.8225741 4.2418591 3.9787274 4.0329101 3.6412165 3.9846712 3.4896754 3.2386420 2.0214957 2.0768879 2.3248310 2.1305510 2.1655094 2.2680333 2.4178431 2.5354879 
sp|Q756R8|HEK2_ASHGO           1.3805840 1.2099263 0.7867490 2.7753031 2.6911469 2.9864172 2.4865990 2.9806076 2.6193516 0.0000000 2.9123842 3.5142697 2.5583200 2.7147819 2.8315167 2.7347995 2.7505674 2.6956336 2.7217719 2.8628959 2.7005101 2.7130192 2.9797876 2.9126354 2.8397509 3.1930817 2.7234354 2.8597364 2.4555331 2.8998745 2.6271786 3.5753129 2.7375738 2.5892841 2.6738988 2.5686590 2.5641876 2.4734723 2.5613236 2.9469988 2.6373370 2.9929311 2.6514484 2.5724891 3.0127210 2.7651241 6.5249340 5.6223482 2.9163288 3.3208616 3.0915257 3.0826454 2.6883688 3.7918319 2.8886982 3.1859443 4.4668514 3.1858141 3.2850008 3.1581152 3.3842445 3.1735937 4.0078422 3.8727418 3.8905692 3.6219163 4.2311970 3.8424997 3.9216044 3.2541312 3.5988429 3.1240092 3.3930156 3.2560632 3.2165733 3.5767512 4.4191922 
tr|A0A1D8PQ55|A0A1D8PQ55_CANAL 3.4980412 2.9593331 3.4842637 0.5175076 0.6278967 2.2012769 1.4870702 2.3112997 2.0499317 2.9123842 0.0000000 3.2877904 2.3695167 2.3057506 2.2382903 2.3228703 2.3149780 2.2990484 2.4253643 2.5005854 2.5474434 2.6362494 2.7232109 2.7265522 2.7721123 2.8360482 2.3964688 2.4467738 2.4495484 2.6404102 2.4971686 3.8300984 2.5979641 2.2843368 2.3423223 2.4585672 2.4698815 2.4337871 2.3915462 2.5999575 2.4043375 2.7608517 2.4246121 2.4319836 2.6500353 2.9012996 6.4234574 4.6444558 2.6499257 3.0963518 2.9660004 3.0434712 2.5859161 3.5836349 2.7859163 2.7951604 3.6128285 3.1611820 3.1959977 2.7600541 2.9892919 2.7296731 4.1973307 5.0170946 5.2233767 5.1139395 4.8006551 4.8180185 5.0134785 3.2023283 3.3602219 3.4954172 3.4315294 3.4170720 3.3146412 3.8383502 3.9498132 
tr|Q6CGM2|Q6CGM2_YARLI         3.7745878 3.1339704 3.8431102 2.8672083 2.8152037 2.5836190 2.3851095 2.4371530 1.8734200 3.5142697 3.2877904 0.0000000 2.5232270 2.5205925 2.1854714 2.4870266 2.4196325 2.4883166 2.3991109 2.6514422 2.6098949 2.4730137 2.6416890 2.5517006 2.4718735 2.6858862 2.2792864 2.1501967 2.3530665 2.3767207 2.1739558 3.2722810 2.1618832 2.2173459 2.2586821 2.4666903 2.3752373 2.5075442 2.4510756 2.7963420 2.5647297 3.0758041 2.6063944 2.4682826 3.0773197 2.8027280 5.9757476 4.4410655 2.2652715 3.0646292 3.1666167 2.6159838 2.8435885 3.3376866 2.4645803 3.1297539 3.4985984 2.9992826 3.0770625 3.1720646 3.0330852 3.2031526 5.4743274 4.9042174 5.1718605 5.4116115 4.0934696 4.4998070 3.7311709 3.1878702 3.1601615 3.2708358 3.2266474 3.4373140 2.9637192 3.4431421 3.5286706 
tr|U9W326|U9W326_NEUCR         3.7603859 2.9348480 3.3912613 2.3197302 2.1510339 2.1793836 1.8473612 0.9973012 0.7340072 2.5583200 2.3695167 2.5232270 0.0000000 0.2864731 0.4466025 0.4635123 0.4677881 0.4813194 0.4287674 0.4883991 0.2219954 0.7178683 1.2972120 1.1993137 1.1612578 1.7479676 0.9813085 0.8470424 0.9575135 1.2172983 1.1967192 2.5203966 1.0024391 1.0783949 1.0039792 1.1617837 1.1334607 1.0969975 0.9063480 1.8075902 0.8775023 1.9008587 0.9558864 0.9495080 1.8930240 2.2758323 5.7475788 4.6776176 1.2284168 2.5518007 1.7364106 1.6859313 1.7269458 2.3651208 1.9262447 1.9538172 3.0058316 1.8183621 1.9104868 1.9976837 2.2004079 1.8605916 4.6279060 3.9200074 3.8761332 4.1647704 3.8493497 3.7227386 3.6308353 2.5384423 2.4205128 2.4929154 2.4622605 2.6655179 2.4111270 2.4317834 2.8838039 
tr|A7ENQ9|A7ENQ9_SCLS1         3.7673896 2.9870813 3.4401059 2.2588185 2.0425092 2.3109298 1.9981811 1.0324923 0.7902184 2.7147819 2.3057506 2.5205925 0.2864731 0.0000000 0.4002004 0.4304343 0.4088801 0.4671682 0.4295470 0.4705612 0.1977881 0.7295821 1.2026954 1.2740993 1.2342235 1.7757451 0.9431796 0.8084648 0.9340164 1.2238285 1.0819683 2.7425453 0.9847481 0.9937339 0.9968652 1.1452732 1.1484180 1.0694067 0.8540073 1.7710223 0.8854817 1.8627427 0.9872477 0.9746719 1.8429590 2.1863713 5.7143904 4.5915311 1.2743777 2.4281004 1.6730360 1.6704301 1.8066257 2.5302919 1.6983686 1.8841223 3.1466815 1.9476215 1.9341630 1.9219642 2.2772605 1.9407720 4.2212554 3.8951170 3.8017626 4.3230775 3.9473669 3.6561459 3.5161095 2.6573334 2.4330453 2.5343813 2.4998546 2.7941583 2.4875593 2.5099856 2.7216251 
tr|Q0U0F5|Q0U0F5_PHANO         3.7219204 3.2371928 3.3111194 2.2504207 1.8639666 2.2302562 1.9735122 1.0171942 0.7350351 2.8315167 2.2382903 2.1854714 0.4466025 0.4002004 0.0000000 0.3871040 0.3847972 0.3614574 0.3518858 0.4252041 0.3978955 0.6394563 1.1161012 1.2748385 1.2435955 1.7537292 0.9230430 0.8333134 0.9195187 0.9768539 0.9949115 2.2925331 0.9895912 0.9545504 0.9856100 1.0796191 1.0790447 0.8881242 0.8044862 1.6750863 0.7244239 1.7571290 0.7512734 0.7611319 1.7505971 2.3173869 5.0557765 4.5052175 1.1788229 2.1454910 1.8411113 1.6674805 1.5983451 2.3833038 1.6692789 1.8390052 2.9375560 1.8183614 1.9396371 1.8918313 2.1208054 1.7931583 3.7488816 3.9669025 3.8210680 4.0806866 3.8492350 3.4932364 3.4845914 2.3407944 2.3402137 2.5401447 2.3505997 2.4698078 2.2746834 2.2160909 2.8207192 
tr|Q5B4I4|Q5B4I4_EMENI         3.7255536 3.1556516 3.3652936 2.2897044 1.9689792 2.1617046 1.9575889 0.9528430 0.7238656 2.7347995 2.3228703 2.4870266 0.4635123 0.4304343 0.3871040 0.0000000 0.1094084 0.2682325 0.2380170 0.1631447 0.3900258 0.5628173 1.0980473 1.1875774 1.1282100 1.6867980 0.8730332 0.8731399 0.9309245 1.0215043 1.1067820 2.4600448 0.9064897 0.8959981 1.0064986 1.1404351 1.0919611 1.0290331 0.8329430 1.7138694 0.8331511 1.8088221 0.8848103 0.8186440 1.5511435 2.3387754 5.1802981 4.8547002 1.1814428 2.3340099 1.7674950 1.5799894 1.5561079 2.5798622 1.6261719 1.6133396 2.7600051 1.8297678 1.8723395 1.6893809 2.2209773 1.8592111 4.2937223 3.8652610 4.1936174 4.4117166 3.9408750 3.6177730 3.8025453 2.5139062 2.4627630 2.5271260 2.4688982 2.7303814 2.5450351 2.5780838 2.8178642 
tr|Q4WI80|Q4WI80_ASPFU         3.7307332 3.1689095 3.4973862 2.2739309 1.9353866 2.2028628 1.8695999 0.9714421 0.6731556 2.7505674 2.3149780 2.4196325 0.4677881 0.4088801 0.3847972 0.1094084 0.0000000 0.2163241 0.1901249 0.1745225 0.4198301 0.5849301 1.1233018 1.1117319 1.1201276 1.6833583 0.8758243 0.8593915 0.9094730 1.0320948 1.0866160 2.4886950 0.9233836 0.8594642 1.0351924 1.1363981 1.1242064 1.0395223 0.9019688 1.7046633 0.8296265 1.7992820 0.8792333 0.8460266 1.5894201 2.2701554 5.6017219 4.8397021 1.1763254 2.3439241 1.7583452 1.5929861 1.6026352 2.4038910 1.6139721 1.6579855 2.8913073 1.9226613 1.9635998 1.7147004 2.3140455 1.8840518 4.2151436 3.7183639 4.0527865 4.3656266 4.0042474 3.6067173 3.7713536 2.6277288 2.5207663 2.6335176 2.4629028 2.6897450 2.5000740 2.5594387 2.6511873 
tr|J3KKB7|J3KKB7_COCIM         3.4754130 3.0725773 3.3283935 2.2697073 2.0414443 2.1778074 1.9399381 0.9928691 0.6976456 2.6956336 2.2990484 2.4883166 0.4813194 0.4671682 0.3614574 0.2682325 0.2163241 0.0000000 0.2042434 0.2745440 0.4755050 0.6694764 1.1975708 1.1964046 1.1751118 1.7960210 0.8818163 0.8510547 0.9321138 1.0856356 1.1524079 2.4036786 0.9821497 0.9565111 1.0502410 1.1972402 1.2195474 1.0802506 0.9002740 1.6210350 0.8828356 1.7241200 0.9059807 0.8858540 1.6525007 2.2279194 5.2292618 5.1262719 1.2219033 2.4211195 1.8687731 1.6679942 1.6395307 2.3946062 1.7097867 1.7082703 2.9498736 1.9131599 1.9808429 1.7764026 2.2583676 1.9214969 4.3170964 3.9673086 4.1626762 4.3378201 4.0271724 3.5896928 3.8015896 2.4545925 2.4584591 2.5948985 2.3342157 2.5448510 2.4350223 2.5254256 2.9801332 
tr|C0NUH0|C0NUH0_AJECG         3.8024892 3.2327406 3.2256174 2.3195902 2.1528036 2.2405168 1.9512472 0.9210639 0.7079333 2.7217719 2.4253643 2.3991109 0.4287674 0.4295470 0.3518858 0.2380170 0.1901249 0.2042434 0.0000000 0.2215653 0.4356268 0.6129009 1.2362961 1.1313063 1.1355244 1.6821162 0.8630749 0.8239577 0.9122546 1.0323495 1.0955266 2.4888962 0.9133150 0.8834786 1.0082153 1.1495757 1.0848003 1.0016531 0.8625360 1.6588094 0.9022860 1.7218740 0.9333619 0.8625890 1.6808963 2.2272211 5.1408753 5.0567879 1.1904740 2.4638499 1.7835686 1.6876492 1.5896481 2.4584521 1.6250273 1.7383051 3.0493788 1.8996144 1.9644259 1.8221455 2.4041511 1.9038346 4.3600187 3.8840121 3.8314755 4.1529819 4.0032877 3.6892869 3.6967533 2.6206750 2.5255424 2.7508297 2.4602278 2.5627782 2.5631051 2.5686328 2.6861006 
CRL17176.1                     3.9334068 3.1354291 3.4648153 2.4586402 2.1139996 2.3914659 2.0133808 0.9509446 0.7515649 2.8628959 2.5005854 2.6514422 0.4883991 0.4705612 0.4252041 0.1631447 0.1745225 0.2745440 0.2215653 0.0000000 0.4247851 0.6655211 1.1630778 1.1764388 1.1269294 1.7039348 0.8610403 0.8052516 0.9899441 1.1260266 1.1544592 2.6065255 0.9781459 0.9733315 1.1087417 1.2097366 1.1588689 1.1738087 0.9470381 1.7764732 0.9456896 1.8413828 1.0445893 0.9739215 1.6128078 2.4868604 5.3098843 4.8998384 1.2300702 2.4662895 1.7011902 1.7207047 1.5679465 2.7134295 1.7609022 1.7015899 3.0242960 1.8937976 1.9579974 1.7805909 2.3654217 1.8989916 4.6009617 3.9773352 4.1522165 4.3382937 4.2090270 4.0074501 4.2247951 2.6136757 2.6958694 2.7428734 2.7072777 2.8981234 2.6943547 2.6218919 3.0303515 
tr|A0A2H3G6J4|A0A2H3G6J4_GIBZA 3.7204189 2.9843880 3.5639525 2.3985970 2.2107125 2.3433770 1.9958853 1.0100423 0.7441564 2.7005101 2.5474434 2.6098949 0.2219954 0.1977881 0.3978955 0.3900258 0.4198301 0.4755050 0.4356268 0.4247851 0.0000000 0.7109287 1.1229218 1.1933368 1.1751299 1.8349203 0.9550782 0.8305923 0.9469373 1.2380331 1.1365309 2.5496399 0.9930404 1.0477268 1.0762798 1.1972032 1.1959974 1.0678283 0.8482214 1.8774488 0.8446126 1.9510982 0.9454641 0.9497401 1.8497758 2.3291355 5.6015865 4.5665827 1.2421594 2.5282904 1.7967095 1.7120268 1.8399901 2.5314170 1.7669376 1.8961416 3.1559932 1.8954015 1.9371095 1.9283148 2.4129073 1.9287651 4.6839853 3.9445402 4.0078493 4.2615069 3.8626447 3.9184277 3.6812506 2.4891728 2.4775332 2.6206560 2.4895940 2.6932578 2.4987091 2.4540098 2.9198574 
CAZ84241.1                     4.2233124 3.2487523 3.5315610 2.4023645 2.3156274 2.2895278 2.0658230 0.9859499 0.7750415 2.7130192 2.6362494 2.4730137 0.7178683 0.7295821 0.6394563 0.5628173 0.5849301 0.6694764 0.6129009 0.6655211 0.7109287 0.0000000 1.3019828 1.3205576 1.2954116 1.8607948 1.0265517 0.9295707 1.0390960 1.2501109 1.2276702 2.3140052 0.9533906 0.9344293 1.1278206 1.2709668 1.1792306 1.1088171 0.8632267 1.7339789 0.8910115 1.7723931 0.9420486 0.9210637 1.7889780 2.3119877 5.9612381 4.8930221 1.2702247 2.5152207 1.9713115 1.7777634 1.8646547 2.3263012 1.6026280 1.8895597 2.9184120 2.0993533 2.2494877 1.8881365 2.2552700 2.1120501 4.0203613 3.5029322 4.0558039 4.0798235 3.9521152 3.5147311 3.5060043 2.5056114 2.4240132 2.8124146 2.4301538 2.6365142 2.2607021 2.1780967 2.7718472 
tr|A0A1Y2FDS9|A0A1Y2FDS9_PROLT 3.7088908 3.4830072 3.5934081 2.7075202 2.3451366 2.5119162 2.0440460 1.3103593 1.0861617 2.9797876 2.7232109 2.6416890 1.2972120 1.2026954 1.1161012 1.0980473 1.1233018 1.1975708 1.2362961 1.1630778 1.1229218 1.3019828 0.0000000 1.3231558 1.2836844 1.7794780 1.1069017 1.1134807 1.2345398 1.3284730 1.2643817 2.7551925 1.1718024 1.1038525 1.1320306 1.3594319 1.3831008 1.0411786 1.1989875 1.9127817 1.1345602 2.0481745 1.1221646 1.1137510 1.8167664 2.0173194 6.6400613 4.9611888 1.1094698 2.4847613 1.9029617 1.8597319 1.6331139 2.3892254 1.7232532 1.8995147 3.4691846 2.1730079 2.1548807 1.8868704 2.3211971 2.0009488 4.9023943 4.5165508 4.4218970 4.1826323 4.1836133 3.9853033 4.2531123 2.5142082 2.5723792 2.9058254 2.7913465 2.7776527 2.7051703 2.6779001 3.1656300 
sp|O74919|RNC1_SCHPO           3.5936653 3.0529147 3.4920477 2.3891379 2.1147078 2.6935770 1.9858418 1.3661259 1.1315370 2.9126354 2.7265522 2.5517006 1.1993137 1.2740993 1.2748385 1.1875774 1.1117319 1.1964046 1.1313063 1.1764388 1.1933368 1.3205576 1.3231558 0.0000000 0.3110376 1.7393646 1.0538234 0.9842353 1.1749510 1.3190717 1.1265881 2.7261358 1.1323863 1.1791702 1.2327441 1.4320566 1.3755504 1.1571198 1.1634728 2.1642820 1.0850051 2.3478968 1.1335837 1.1342723 1.9819290 2.4095416 6.6550435 5.7689904 1.2254411 2.5977562 1.9487984 1.7986387 1.7349952 2.5835411 2.0573301 2.0790035 3.5770053 2.1850968 2.1786274 2.0439725 2.2303821 2.1211738 4.2740732 4.0580430 4.0747584 4.0149081 4.3950278 3.8216665 4.0346960 2.3721477 2.6492345 2.6768975 2.3303090 2.4483640 2.5517330 2.8457530 3.3495276 
tr|B6K7V3|B6K7V3_SCHJY         3.9527200 3.0975239 3.7122075 2.5978054 2.2670944 2.8171250 2.0954649 1.4700131 1.1608098 2.8397509 2.7721123 2.4718735 1.1612578 1.2342235 1.2435955 1.1282100 1.1201276 1.1751118 1.1355244 1.1269294 1.1751299 1.2954116 1.2836844 0.3110376 0.0000000 1.8285165 1.0374142 1.0143014 1.1522702 1.3258542 1.0840380 2.7355805 1.1717301 1.1550365 1.3228947 1.4615156 1.4312404 1.2428758 1.1493732 2.2647343 1.1248544 2.4591485 1.1735814 1.2226447 2.0167508 2.3643575 6.3361276 5.6405437 1.1914282 2.4729766 1.9883603 1.7413218 1.7126007 2.6461432 2.0604321 2.1200678 3.5288557 2.1715948 2.2319358 2.1176892 2.2322383 2.2283810 4.4934994 3.8888031 3.8702614 4.0877823 4.6522605 4.0254493 4.3196341 2.3652932 2.5385778 2.6771411 2.4346135 2.5799981 2.6761681 2.8509657 3.4453000 
ODQ50940.1                     4.3078602 3.8432483 3.7811511 2.8100200 2.5293450 2.7390949 2.1898550 1.8746280 1.4905460 3.1930817 2.8360482 2.6858862 1.7479676 1.7757451 1.7537292 1.6867980 1.6833583 1.7960210 1.6821162 1.7039348 1.8349203 1.8607948 1.7794780 1.7393646 1.8285165 0.0000000 1.5424150 1.4484423 1.6937286 1.7763124 1.5011728 2.3805573 1.6602309 1.6501994 1.6154685 1.6552021 1.7956853 1.7080493 1.5822331 2.2036461 1.6217185 2.2941730 1.6357798 1.5883277 2.4015127 2.6500278 5.8098943 4.3528234 1.9376599 2.8853116 2.2378443 2.2749171 2.3313145 2.4813829 2.3407084 2.6224224 3.0419072 2.7156033 2.8167467 2.5649391 2.5636114 2.6962613 4.1013007 4.2608489 3.9679461 4.0901089 4.6339165 4.2659976 3.8675128 2.5246793 2.4370658 2.6489580 2.4254549 2.5104609 2.2879634 2.6046594 2.8660427 
tr|K5XJV1|K5XJV1_AGABU         3.6944207 3.1177474 3.3475987 2.2037979 2.0276971 2.0992927 1.7228508 1.0970875 0.7326926 2.7234354 2.3964688 2.2792864 0.9813085 0.9431796 0.9230430 0.8730332 0.8758243 0.8818163 0.8630749 0.8610403 0.9550782 1.0265517 1.1069017 1.0538234 1.0374142 1.5424150 0.0000000 0.3778456 0.9212407 1.0019408 0.7907265 2.0158384 0.7774329 0.7550683 0.9598267 1.1005416 0.9215954 0.9313235 0.8059386 1.6147071 0.8240387 1.6442962 0.7924697 0.7694324 1.4701492 2.2548892 5.6962061 4.5556535 1.0604418 2.4461183 1.5330038 1.4503793 1.7245105 1.9116106 1.5447919 1.5842964 2.5095517 1.7209908 1.8129758 1.5989525 2.0530109 1.7949552 3.5001739 4.0606338 3.7345246 3.9927094 3.4068200 2.9587726 3.4350608 1.8568514 2.1399031 2.1352498 1.9913403 2.0559820 1.7970318 2.1981506 2.8250697 
tr|F8PI85|F8PI85_SERL3         3.4775668 2.8114418 3.3766680 2.1123972 2.1256474 2.2146173 1.6333479 1.1532768 0.7727953 2.8597364 2.4467738 2.1501967 0.8470424 0.8084648 0.8333134 0.8731399 0.8593915 0.8510547 0.8239577 0.8052516 0.8305923 0.9295707 1.1134807 0.9842353 1.0143014 1.4484423 0.3778456 0.0000000 0.8290137 0.9632650 0.7943293 2.3225196 0.8125804 0.7940050 0.9378220 1.0157425 0.9406474 0.8630979 0.7159602 1.6125844 0.7906963 1.6673232 0.7752975 0.6672909 1.5489879 2.1751187 5.8708707 4.9413782 0.9235135 2.4998298 1.4756209 1.3844463 1.4854794 2.0646741 1.5457314 1.5808652 2.5199186 1.6319030 1.6745013 1.5858163 1.9761814 1.6678737 3.9148850 4.2684273 3.9844849 4.2844315 3.5520994 3.0673223 3.5153546 2.0624577 2.1447939 2.3178865 2.2048373 2.2644689 1.8919087 2.1562431 2.6836899 
tr|Q5KIG3|Q5KIG3_CRYNJ         3.1913110 3.0727968 3.0355852 2.1186622 2.1914522 2.0957759 1.9279739 1.3416241 0.8930480 2.4555331 2.4495484 2.3530665 0.9575135 0.9340164 0.9195187 0.9309245 0.9094730 0.9321138 0.9122546 0.9899441 0.9469373 1.0390960 1.2345398 1.1749510 1.1522702 1.6937286 0.9212407 0.8290137 0.0000000 0.8117180 0.8887710 2.0437301 0.7252665 0.7881390 0.8064208 0.9007690 0.9355169 0.7582976 0.7303974 1.8844045 0.7547290 1.9610882 0.8063717 0.7599488 1.7493373 2.4142320 4.7664614 4.9355639 1.1168804 2.4003461 1.7783482 1.6248166 1.6158359 2.2617162 1.4975408 1.7564069 2.9900741 1.9285043 1.9936379 1.7531224 2.3265387 1.9271086 4.5196396 4.4395777 3.6962951 3.5565807 3.3940316 3.2474126 3.9035729 2.2382138 2.3226547 2.5489293 2.3102575 2.4069993 1.9027260 2.0537654 2.8653171 
tr|A0A0D1DWZ0|A0A0D1DWZ0_USTMA 3.8076985 3.4453487 3.4803808 2.2737666 2.2372079 2.6265439 1.9123633 1.3435025 0.9454775 2.8998745 2.6404102 2.3767207 1.2172983 1.2238285 0.9768539 1.0215043 1.0320948 1.0856356 1.0323495 1.1260266 1.2380331 1.2501109 1.3284730 1.3190717 1.3258542 1.7763124 1.0019408 0.9632650 0.8117180 0.0000000 0.9291004 2.2997940 0.9791036 0.9062157 1.0567524 1.1744794 1.0335084 1.0512408 0.8668602 1.8894903 0.8347450 1.9449778 0.9400676 0.9491332 1.7829159 2.4959358 5.3717175 5.3405466 1.0847057 2.7577984 1.7681988 1.6544336 1.6988009 2.1477260 1.9138111 1.9785788 3.3873232 1.9456737 1.9901893 1.9399537 2.4362739 1.8308220 4.5933476 4.4112373 4.0793045 4.0260962 3.3184813 3.4493607 3.5388604 2.2579432 2.2792813 2.5185334 2.1772579 2.2471357 2.1851252 2.4178860 2.8836717 
tr|E3KWI0|E3KWI0_PUCGT         3.4370425 3.1192601 3.0379862 2.1353235 1.8298323 2.2345731 1.8698238 1.1716293 0.8484938 2.6271786 2.4971686 2.1739558 1.1967192 1.0819683 0.9949115 1.1067820 1.0866160 1.1524079 1.0955266 1.1544592 1.1365309 1.2276702 1.2643817 1.1265881 1.0840380 1.5011728 0.7907265 0.7943293 0.8887710 0.9291004 0.0000000 2.1345197 0.8532582 0.8968788 0.8786058 1.1167430 0.9470432 0.9559240 0.8325973 1.6296643 0.8575276 1.7074990 0.9277174 0.8215660 1.5900371 2.2134266 6.4363094 5.6904581 1.0642315 2.6475023 1.7737792 1.4746519 1.6965051 1.9141172 1.4689896 1.7186666 2.9165809 1.9431795 2.0452497 1.7246581 2.0030563 1.9673977 4.5134919 4.1887036 4.0390027 4.1738073 3.3456341 3.0567838 3.4632547 1.9720895 2.2414078 2.3968906 2.1241308 2.2001543 2.0018226 2.1171147 2.5629322 
tr|A8QCC7|A8QCC7_MALGO         4.1688130 3.6547442 4.1300023 3.0078930 3.1487243 3.2087201 2.5966025 2.5646598 2.3165946 3.5753129 3.8300984 3.2722810 2.5203966 2.7425453 2.2925331 2.4600448 2.4886950 2.4036786 2.4888962 2.6065255 2.5496399 2.3140052 2.7551925 2.7261358 2.7355805 2.3805573 2.0158384 2.3225196 2.0437301 2.2997940 2.1345197 0.0000000 2.3639279 2.2264455 2.1831355 2.4498390 2.3419327 2.0635999 2.0330452 1.5726916 2.1996698 1.5975523 2.2040310 2.0977037 2.4840033 3.2125782 6.8374168 4.2816639 2.1175839 1.8606167 2.9790512 2.7800113 2.3666779 1.8362088 2.9481245 2.6224708 2.4395680 2.9372653 2.9953965 2.6842086 1.7184384 2.8730047 4.0092587 3.9464283 3.7962832 3.8790886 2.6880774 2.5942747 2.7525111 1.6597536 1.7022348 1.8939571 1.6778864 1.6305497 0.8588806 0.6742266 2.8573614 
RIB07453.1                     3.7738787 3.2695976 3.4970173 2.4435209 2.3687448 2.2175200 1.9254901 1.3335404 0.8121802 2.7375738 2.5979641 2.1618832 1.0024391 0.9847481 0.9895912 0.9064897 0.9233836 0.9821497 0.9133150 0.9781459 0.9930404 0.9533906 1.1718024 1.1323863 1.1717301 1.6602309 0.7774329 0.8125804 0.7252665 0.9791036 0.8532582 2.3639279 0.0000000 0.2402737 0.7561254 0.9338308 0.9937817 0.6532579 0.6871979 1.8189833 0.7051632 1.8663866 0.7173617 0.6682424 1.5176192 2.1260953 5.3642007 5.0182874 0.8560203 2.5093762 1.6719266 1.4649810 1.5411851 2.3894574 1.6049878 1.5418844 2.8512254 1.7823067 1.8283444 1.5994532 1.9199011 1.7475004 4.2247093 4.2002669 4.1430778 4.1175530 3.3578632 3.4022762 3.6348113 2.2991450 2.3705541 2.6029915 2.1429479 2.2939526 2.1618687 2.4240446 2.9341783 
tr|A0A2I1FVD9|A0A2I1FVD9_9GLOM 4.0538272 3.2311529 3.5410758 2.3186753 2.2646401 2.2985179 1.9405073 1.3556881 0.8105035 2.5892841 2.2843368 2.2173459 1.0783949 0.9937339 0.9545504 0.8959981 0.8594642 0.9565111 0.8834786 0.9733315 1.0477268 0.9344293 1.1038525 1.1791702 1.1550365 1.6501994 0.7550683 0.7940050 0.7881390 0.9062157 0.8968788 2.2264455 0.2402737 0.0000000 0.7087208 0.9732235 0.9396308 0.6740730 0.6974638 1.6564404 0.6749552 1.7372863 0.7153815 0.6815067 1.4501712 2.0770642 5.7248151 5.0472396 0.8426212 2.5226661 1.6926005 1.4040174 1.5512096 2.2228539 1.5614959 1.6246029 2.7241720 1.8598432 1.9054486 1.6176714 1.9394230 1.8064609 4.4490204 4.4788826 4.0966285 4.2953298 3.2841427 3.4388273 3.6622599 2.4352798 2.3653691 2.6281600 2.3096305 2.4040012 2.1592567 2.4413175 2.9405782 
tr|S2J695|S2J695_MUCC1         3.9562176 3.2090505 2.8767955 2.0769731 2.1586922 2.3287016 1.9981006 1.2810928 0.8728977 2.6738988 2.3423223 2.2586821 1.0039792 0.9968652 0.9856100 1.0064986 1.0351924 1.0502410 1.0082153 1.1087417 1.0762798 1.1278206 1.1320306 1.2327441 1.3228947 1.6154685 0.9598267 0.9378220 0.8064208 1.0567524 0.8786058 2.1831355 0.7561254 0.7087208 0.0000000 0.7527346 0.6815885 0.3400078 0.7509705 1.6211812 0.7625888 1.7516837 0.7912164 0.7820544 1.5667436 2.4798488 5.0045928 4.7804452 0.9840700 2.3219082 1.6770244 1.5165057 1.5864584 2.2652673 1.7690298 1.5468283 2.6500538 1.9006186 2.0344828 1.5432073 2.0536563 1.8847000 3.8357964 4.3323092 3.8727966 3.9645659 3.2362842 3.2921924 3.2394688 2.1050037 2.0616704 2.3612499 2.1442657 2.1926920 2.1045430 2.1486420 2.5838463 
tr|A0A068RUY8|A0A068RUY8_9FUNG 3.8663571 3.1769291 3.4411636 2.3315365 2.1895405 2.2912980 2.0481439 1.4414105 0.9714778 2.5686590 2.4585672 2.4666903 1.1617837 1.1452732 1.0796191 1.1404351 1.1363981 1.1972402 1.1495757 1.2097366 1.1972032 1.2709668 1.3594319 1.4320566 1.4615156 1.6552021 1.1005416 1.0157425 0.9007690 1.1744794 1.1167430 2.4498390 0.9338308 0.9732235 0.7527346 0.0000000 0.6590032 0.6081610 0.9205699 1.8005311 0.9640703 1.8779050 1.0043189 0.9369165 1.8542571 2.1998734 5.2608132 4.5861218 1.0480513 2.2623404 1.7713122 1.7506274 1.7067072 1.9878367 1.8312568 1.8744756 2.7628997 2.0702284 2.2141456 1.8410801 2.2204465 2.0700818 3.9471188 4.2002154 3.7488772 4.0049346 3.4851095 3.3713461 3.4390069 2.2194696 2.1647448 2.3258243 2.1873837 2.1924714 2.3592080 2.3816043 2.9520070 
tr|A0A068SC23|A0A068SC23_9FUNG 4.1338000 3.0148536 3.6854133 2.2183962 2.2656036 2.3438077 2.0389645 1.3873580 0.9222721 2.5641876 2.4698815 2.3752373 1.1334607 1.1484180 1.0790447 1.0919611 1.1242064 1.2195474 1.0848003 1.1588689 1.1959974 1.1792306 1.3831008 1.3755504 1.4312404 1.7956853 0.9215954 0.9406474 0.9355169 1.0335084 0.9470432 2.3419327 0.9937817 0.9396308 0.6815885 0.6590032 0.0000000 0.5949056 0.8285226 1.8026222 0.8706951 1.9245201 0.8968695 0.8245398 1.7940992 2.4484146 6.3421018 5.4898456 1.0539090 2.3131830 1.9204951 1.9296256 1.6200444 2.5306845 1.9231448 1.8974403 3.3934230 2.0579869 2.1580271 1.8526228 2.0409012 2.0570056 4.0593075 3.8889117 3.9681669 4.3042067 3.9497097 3.5440383 3.5530511 2.3599695 2.5807361 2.6085614 2.2772901 2.3524322 2.3012528 2.5369421 3.0121589 
tr|A0A167JEF7|A0A167JEF7_PHYB8 3.7907792 3.2041088 3.4965643 2.1572368 2.3436385 2.1835265 2.1194032 1.2078197 0.7873183 2.4734723 2.4337871 2.5075442 1.0969975 1.0694067 0.8881242 1.0290331 1.0395223 1.0802506 1.0016531 1.1738087 1.0678283 1.1088171 1.0411786 1.1571198 1.2428758 1.7080493 0.9313235 0.8630979 0.7582976 1.0512408 0.9559240 2.0635999 0.6532579 0.6740730 0.3400078 0.6081610 0.5949056 0.0000000 0.6809377 1.6208129 0.6840086 1.7242511 0.6918324 0.7155615 1.5603407 2.2602099 5.2930459 4.3120352 0.9879942 2.3201937 1.7978675 1.4761006 1.6956142 2.0478975 1.5899264 1.5965402 2.7108290 1.9586452 2.0484283 1.5686558 2.3905966 1.9009500 4.2785661 4.2106137 3.7136470 4.0610213 3.2214702 3.6119604 3.3140741 2.2258793 2.2575079 2.4579121 2.3240720 2.3406355 2.0410215 2.1515088 3.0826973 
tr|A0A1Y2H299|A0A1Y2H299_9FUNG 3.7284127 3.0997848 3.4690407 2.3228081 2.3605257 2.4351454 2.1205282 1.2394461 0.7942324 2.5613236 2.3915462 2.4510756 0.9063480 0.8540073 0.8044862 0.8329430 0.9019688 0.9002740 0.8625360 0.9470381 0.8482214 0.8632267 1.1989875 1.1634728 1.1493732 1.5822331 0.8059386 0.7159602 0.7303974 0.8668602 0.8325973 2.0330452 0.6871979 0.6974638 0.7509705 0.9205699 0.8285226 0.6809377 0.0000000 1.6574023 0.2878649 1.6724587 0.3312634 0.3168509 1.4964656 2.3184462 4.5798113 4.7001712 0.8944867 2.6515161 1.4582475 1.2936726 1.3451897 2.0548994 1.4005756 1.5459724 2.7690354 1.7468767 1.8239114 1.5447901 2.2228354 1.7002430 4.5500287 4.4627479 3.5553253 3.8234983 3.5611166 3.2210762 3.2991543 2.0271784 1.8274762 2.1539975 1.9567093 2.1626455 2.1435917 2.1762828 2.6629431 
tr|A0A1Y2H2P3|A0A1Y2H2P3_9FUNG 3.5843441 3.2346357 3.4344860 2.6369625 2.5232857 3.2090439 2.6214242 2.3547086 1.5704300 2.9469988 2.5999575 2.7963420 1.8075902 1.7710223 1.6750863 1.7138694 1.7046633 1.6210350 1.6588094 1.7764732 1.8774488 1.7339789 1.9127817 2.1642820 2.2647343 2.2036461 1.6147071 1.6125844 1.8844045 1.8894903 1.6296643 1.5726916 1.8189833 1.6564404 1.6211812 1.8005311 1.8026222 1.6208129 1.6574023 0.0000000 1.6235321 0.0769551 1.5670521 1.6120274 1.9026256 2.9394029 5.1376754 5.5437948 1.8040492 1.8137944 2.5422072 2.5404505 1.4879171 1.5060677 1.8230945 1.9821790 1.9404154 2.3403090 2.5222360 1.8933440 1.1324805 2.3204742 3.7464387 3.5524741 3.2782965 3.8404441 2.9366150 2.6225414 3.1450596 1.5392061 1.5599158 1.8425224 1.6092765 1.6721156 1.3367924 1.2980304 2.3884905 
tr|A0A1Y2GXC2|A0A1Y2GXC2_9FUNG 3.7708782 3.3438615 3.5423349 2.1895537 2.2305770 2.3386100 2.1614563 1.2962331 0.7941412 2.6373370 2.4043375 2.5647297 0.8775023 0.8854817 0.7244239 0.8331511 0.8296265 0.8828356 0.9022860 0.9456896 0.8446126 0.8910115 1.1345602 1.0850051 1.1248544 1.6217185 0.8240387 0.7906963 0.7547290 0.8347450 0.8575276 2.1996698 0.7051632 0.6749552 0.7625888 0.9640703 0.8706951 0.6840086 0.2878649 1.6235321 0.0000000 1.7060126 0.1433121 0.2067565 1.5729399 2.3973114 5.4154277 4.7966621 0.9328343 2.6841526 1.4169521 1.3178338 1.3754434 2.0295675 1.4712929 1.5873626 2.6033749 1.7631100 1.8426908 1.5777862 1.9626006 1.7390448 4.0664005 4.4642599 4.0597143 3.9547866 3.3103471 3.1369715 3.1280215 1.9791239 1.9531700 2.1523915 1.9882739 2.1512665 2.1927563 2.5322076 2.7978742 
tr|A0A197JLF3|A0A197JLF3_9FUNG 3.6673601 3.2308448 3.5182022 2.7247873 2.6050772 3.2251085 2.8012443 2.3920018 1.6021934 2.9929311 2.7608517 3.0758041 1.9008587 1.8627427 1.7571290 1.8088221 1.7992820 1.7241200 1.7218740 1.8413828 1.9510982 1.7723931 2.0481745 2.3478968 2.4591485 2.2941730 1.6442962 1.6673232 1.9610882 1.9449778 1.7074990 1.5975523 1.8663866 1.7372863 1.7516837 1.8779050 1.9245201 1.7242511 1.6724587 0.0769551 1.7060126 0.0000000 1.6386304 1.6645886 1.9884073 3.0912602 5.5271791 5.6425918 1.8592619 1.8133117 2.5773839 2.7132389 1.5220205 1.5182176 1.9143064 2.0541106 2.0571628 2.3593286 2.6079108 1.9911436 1.1359234 2.3157021 3.8945267 3.5431995 3.2720396 3.8946638 2.9623439 2.7296002 3.2696666 1.6584486 1.6641398 1.9322167 1.7203288 1.7944631 1.3435210 1.2258851 2.4589241 
tr|A0A197KFB3|A0A197KFB3_9FUNG 3.8307583 3.2716968 3.6836894 2.2681757 2.2521025 2.2649450 2.1639175 1.2422664 0.8055724 2.6514484 2.4246121 2.6063944 0.9558864 0.9872477 0.7512734 0.8848103 0.8792333 0.9059807 0.9333619 1.0445893 0.9454641 0.9420486 1.1221646 1.1335837 1.1735814 1.6357798 0.7924697 0.7752975 0.8063717 0.9400676 0.9277174 2.2040310 0.7173617 0.7153815 0.7912164 1.0043189 0.8968695 0.6918324 0.3312634 1.5670521 0.1433121 1.6386304 0.0000000 0.1767592 1.5740727 2.3412831 5.3205242 4.9716804 0.9492596 2.9259345 1.4737332 1.2721762 1.3939528 1.9929205 1.5343079 1.5966022 2.5370303 1.8614867 1.9837946 1.5869496 1.9711838 1.8487221 4.1570840 4.3878540 4.0938150 4.0219003 3.4346971 3.0399254 3.2917666 2.0475630 1.9589993 2.1913088 1.9723940 2.1449547 2.1251788 2.3997374 2.7617456 
tr|A0A197KJC7|A0A197KJC7_9FUNG 3.5842373 3.1095763 3.6046113 2.1256566 2.2844597 2.3586993 2.1156643 1.2710298 0.8508584 2.5724891 2.4319836 2.4682826 0.9495080 0.9746719 0.7611319 0.8186440 0.8460266 0.8858540 0.8625890 0.9739215 0.9497401 0.9210637 1.1137510 1.1342723 1.2226447 1.5883277 0.7694324 0.6672909 0.7599488 0.9491332 0.8215660 2.0977037 0.6682424 0.6815067 0.7820544 0.9369165 0.8245398 0.7155615 0.3168509 1.6120274 0.2067565 1.6645886 0.1767592 0.0000000 1.5174531 2.2656726 5.3685986 4.6487305 0.8937977 2.7081800 1.4424118 1.3227219 1.3591457 2.0080031 1.4732502 1.5514223 2.6086002 1.7226161 1.8240164 1.5762677 2.0402646 1.7475939 4.1427391 4.4924445 3.7549402 4.0377288 3.4538592 3.2239447 3.2218911 2.0409543 1.9822639 2.0799939 1.9694522 2.0805249 2.1394985 2.2760570 2.9066820 
tr|A0A1Y1UN73|A0A1Y1UN73_9FUNG 3.7763768 3.2526867 4.1077663 2.7881934 2.8205479 2.7823867 2.3105773 2.0741009 1.8737107 3.0127210 2.6500353 3.0773197 1.8930240 1.8429590 1.7505971 1.5511435 1.5894201 1.6525007 1.6808963 1.6128078 1.8497758 1.7889780 1.8167664 1.9819290 2.0167508 2.4015127 1.4701492 1.5489879 1.7493373 1.7829159 1.5900371 2.4840033 1.5176192 1.4501712 1.5667436 1.8542571 1.7940992 1.5603407 1.4964656 1.9026256 1.5729399 1.9884073 1.5740727 1.5174531 0.0000000 2.8692772 5.5107308 4.7355924 1.8431940 2.4360473 2.1700136 1.9921504 1.5427012 2.6332639 1.6656215 0.1477443 2.9372370 1.3529146 1.4169053 0.1331231 2.3103899 1.3915562 4.1780974 4.5281105 4.1556821 4.2562183 3.1374843 3.1727321 3.8359620 2.2472663 2.3728254 2.4134367 2.4404934 2.5609011 2.1187537 2.5826819 3.0282286 
tr|A0A0L0SNY3|A0A0L0SNY3_ALLM3 3.5677541 3.1047058 3.4769190 2.9040583 2.4615605 2.6076282 2.2229276 2.6024071 2.0976854 2.7651241 2.9012996 2.8027280 2.2758323 2.1863713 2.3173869 2.3387754 2.2701554 2.2279194 2.2272211 2.4868604 2.3291355 2.3119877 2.0173194 2.4095416 2.3643575 2.6500278 2.2548892 2.1751187 2.4142320 2.4959358 2.2134266 3.2125782 2.1260953 2.0770642 2.4798488 2.1998734 2.4484146 2.2602099 2.3184462 2.9394029 2.3973114 3.0912602 2.3412831 2.2656726 2.8692772 0.0000000 6.4099139 4.7979055 2.0258636 2.8331273 3.3507160 2.7211336 2.8976242 3.1707275 2.5518008 2.7907700 4.4106437 3.0679693 3.1600151 2.7650721 3.5778002 2.8633254 4.6993287 4.8001045 5.4134955 5.0936816 4.2503508 3.8708123 4.4741706 3.2760014 3.6786424 4.1657109 3.4802994 3.5046805 2.7990674 3.2594220 3.3853812 
tr|A0A2G5B6M0|A0A2G5B6M0_COERN 6.6847736 6.8247518 7.4838028 6.0833760 6.5520514 6.4072980 5.9280187 5.3714662 5.1121811 6.5249340 6.4234574 5.9757476 5.7475788 5.7143904 5.0557765 5.1802981 5.6017219 5.2292618 5.1408753 5.3098843 5.6015865 5.9612381 6.6400613 6.6550435 6.3361276 5.8098943 5.6962061 5.8708707 4.7664614 5.3717175 6.4363094 6.8374168 5.3642007 5.7248151 5.0045928 5.2608132 6.3421018 5.2930459 4.5798113 5.1376754 5.4154277 5.5271791 5.3205242 5.3685986 5.5107308 6.4099139 0.0000000 4.3956124 6.2567687 7.3048800 5.9847679 6.1746806 4.7268336 6.4706648 5.4494859 5.7522758 6.2221799 5.8356726 6.1299345 5.7496555 6.1858415 6.0912916 6.7151585 6.4544711 7.0330595 6.1709307 7.4307331 8.2847389 8.2212927 5.9836837 5.6138338 5.9431706 5.9721191 5.8972001 4.9726311 6.2334335 6.2125108 
tr|A0A2G5B6M6|A0A2G5B6M6_COERN 5.5385374 5.1452122 6.0014826 4.1215202 4.1902575 5.2174285 4.5308035 4.7402465 4.5035273 5.6223482 4.6444558 4.4410655 4.6776176 4.5915311 4.5052175 4.8547002 4.8397021 5.1262719 5.0567879 4.8998384 4.5665827 4.8930221 4.9611888 5.7689904 5.6405437 4.3528234 4.5556535 4.9413782 4.9355639 5.3405466 5.6904581 4.2816639 5.0182874 5.0472396 4.7804452 4.5861218 5.4898456 4.3120352 4.7001712 5.5437948 4.7966621 5.6425918 4.9716804 4.6487305 4.7355924 4.7979055 4.3956124 0.0000000 4.8742213 4.7206801 4.5556883 5.6825958 4.9076841 6.0842920 5.3436676 5.0000589 5.1731380 4.5800960 4.6482720 4.8460408 4.3316967 4.4572797 5.9954762 5.3161923 5.5759220 5.0741942 5.1400074 5.0223124 6.5109335 5.3448167 5.2317193 4.8305306 4.9538387 4.9614852 4.2107530 4.6874736 5.8794008 
tr|A0A2G5BJ39|A0A2G5BJ39_COERN 4.2523777 3.9018147 3.7574811 2.5093496 2.2936233 2.3564511 1.8286907 1.5416874 1.0180809 2.9163288 2.6499257 2.2652715 1.2284168 1.2743777 1.1788229 1.1814428 1.1763254 1.2219033 1.1904740 1.2300702 1.2421594 1.2702247 1.1094698 1.2254411 1.1914282 1.9376599 1.0604418 0.9235135 1.1168804 1.0847057 1.0642315 2.1175839 0.8560203 0.8426212 0.9840700 1.0480513 1.0539090 0.9879942 0.8944867 1.8040492 0.9328343 1.8592619 0.9492596 0.8937977 1.8431940 2.0258636 6.2567687 4.8742213 0.0000000 2.4623731 1.9463582 1.4311213 1.7566622 1.9705580 1.6879706 1.9038098 2.8676353 2.1276320 2.1084903 1.9156180 2.2867935 2.1525895 4.4148410 4.0689571 4.3842821 4.0215836 3.8082788 4.1821035 3.7451168 2.2480445 2.4244602 2.6221604 2.2505059 2.2244297 2.1396127 2.4062712 3.1029999 
