77
sp|P38199|HEK2_YEAST           0.0000000 1.1372900 1.8975039 3.9303737 3.9559886 3.4297391 3.1294875 3.9239301 3.4669422 1.4555781 3.7811545 4.1139335 4.1301559 4.1341887 4.0757780 4.0851155 4.0882619 3.8042604 4.1628869 4.3169035 4.0815488 4.6354402 3.9757072 3.9590003 4.3543312 4.7684717 4.0382537 3.7978018 3.4404206 3.9837512 3.7687595 4.5899381 4.1151331 4.4136776 4.3277445 4.1180285 4.2703406 4.0346585 4.0176126 3.9139482 4.0787817 4.0140380 4.1515849 3.8748232 4.2536618 3.7632273 7.1252134 6.0351843 4.6339195 4.5771038 4.0836173 4.7085754 4.1135414 5.1434060 4.2121407 4.2444859 5.2227566 4.6318251 4.4205498 4.2269079 4.5869254 4.6250002 6.2408241 5.4718945 5.9265272 4.5763755 5.3884025 5.6004178 5.3231308 4.4037615 4.9790987 4.5820295 4.9709528 4.9666773 4.1638854 4.5417935 4.7611636 
tr|A0A0W0CSB5|A0A0W0CSB5_CANGB 1.1372900 0.0000000 1.5726212 3.6191757 3.4970785 2.7604834 2.5828845 3.2807249 3.2947997 1.2251289 3.1330586 3.4106558 3.1976674 3.2529654 3.5369733 3.4456719 3.4624183 3.3578259 3.5388864 3.4241613 3.2545651 3.5440950 3.6929912 3.3173751 3.3713148 4.2361913 3.4059106 3.0536465 3.3145907 3.7705337 3.3906663 4.0133258 3.5606234 3.5221552 3.4267154 3.3890907 3.1482113 3.4309172 3.3405890 3.5422714 3.6096406 3.5350674 3.5216209 3.3455359 3.7300533 3.3658905 7.2574052 5.7065658 4.2737863 3.3751800 3.4647468 3.5858705 3.6165982 4.3114353 3.8593712 3.7802847 4.1738812 4.0080797 4.1942012 3.7825550 3.9453832 3.8056176 4.8480440 4.8476289 4.9219373 4.2927156 4.8626387 5.2711849 3.8930182 3.6735744 3.8241125 3.8449227 3.7250207 3.8278792 3.8233317 3.7677967 4.4299657 
CAG99590.1                     1.8975039 1.5726212 0.0000000 3.5284303 3.6992926 3.5736503 3.1076683 3.6779606 3.6666888 0.8198068 3.7835954 4.2264523 3.6906719 3.7568054 3.6151451 3.6794771 3.8275520 3.6385909 3.5227894 3.7845366 3.8976955 3.8178847 3.8554534 3.7419995 4.0268817 4.1580608 3.6649627 3.6921876 3.2770493 3.7146638 3.3035766 4.5582229 3.8191680 3.9207085 3.0869039 3.7369958 3.7015558 3.6778282 3.7011571 3.7767184 3.8116995 3.8737945 3.9984584 3.9224404 4.5601242 3.7045445 8.2936991 6.8521833 4.0191812 4.2294821 3.8557871 4.1059055 4.1108661 4.6314080 4.6293981 4.8744809 4.4993992 5.0361930 5.1358325 4.6751310 4.3489748 4.7030335 5.2210392 5.1377445 5.1638908 4.6892390 5.7014370 5.6053871 4.5790688 4.2771121 4.4007836 4.3170135 3.9630128 4.1484238 4.5794503 4.3333726 4.6195098 
tr|Q6BNR7|Q6BNR7_DEBHA         3.9303737 3.6191757 3.5284303 0.0000000 0.4015055 2.4446600 1.5441745 2.4065913 2.1593943 2.9933944 0.5350776 3.0388742 2.4843598 2.4207866 2.4143940 2.4561871 2.4349153 2.4323226 2.4869663 2.6399608 2.5737804 2.5796333 2.9374109 2.5746205 2.8120204 3.0513695 2.3522941 2.2536775 2.2767687 2.4351351 2.2828326 3.2829800 2.6172001 2.5077292 2.2034578 2.4748659 2.3803954 2.2995606 2.4860094 2.8489481 2.3389642 2.9503141 2.4267085 2.2655433 3.0053363 3.1670220 6.8826343 4.5711375 2.6655261 3.2450342 3.2699005 3.0877994 2.5443551 3.3919509 2.7531054 2.9785047 3.7031403 3.3574847 3.3971123 2.9105122 3.1503183 3.0816726 4.3234510 5.2002300 5.9814673 5.3713151 4.6984958 4.8641816 5.1520339 2.9689298 3.1500032 3.7121489 3.2035950 3.1914729 3.2559447 3.5701751 3.8716376 
tr|A0A2H1A341|A0A2H1A341_CANAR 3.9559886 3.4970785 3.6992926 0.4015055 0.0000000 2.2142773 1.4652261 2.1455637 1.8763206 2.9220091 0.6187067 2.9792231 2.2974281 2.1778261 1.9809392 2.0979054 2.0582012 2.1768473 2.2985220 2.2577548 2.3638752 2.4829205 2.5263363 2.2685696 2.4367841 2.7402175 2.1612176 2.2741925 2.3265506 2.3965719 1.9471422 3.4449416 2.5204795 2.4193617 2.2963785 2.3027300 2.4034102 2.4972612 2.5355087 2.7327482 2.3948266 2.8259155 2.4178459 2.4533813 3.0591684 2.6534900 7.3057215 4.6574600 2.4324772 3.0950897 2.9539813 2.9523227 2.7448670 3.0505995 2.6490034 3.0635422 3.3021535 3.1471661 3.0949060 3.1513950 3.0087933 2.9072142 4.4390687 5.4413870 5.8491338 4.9011866 4.5077737 4.7892414 4.6002453 2.8887381 2.8945910 3.0759215 3.0907521 3.1728150 3.3909367 3.2371417 3.6757050 
SOP79513.1                     3.4297391 2.7604834 3.5736503 2.4446600 2.2142773 0.0000000 1.4171523 2.5910865 1.9551374 3.3223180 2.3278267 2.7597592 2.3309566 2.4741205 2.3896800 2.3145693 2.3640007 2.3334835 2.4056999 2.5636254 2.5191438 2.4389520 2.7028665 2.8730467 2.9553691 2.9782993 2.2451708 2.3709672 2.2353574 2.8362017 2.3926348 3.4864016 2.3500038 2.4642166 2.4960718 2.4597157 2.4997991 2.3336427 2.6172517 3.4886542 2.5093842 3.5085821 2.4278965 2.5268930 3.0346455 2.7237112 7.0118784 5.5198113 2.5303359 3.1826162 3.4055328 2.9869422 3.2519525 3.3048218 3.1646766 2.9469649 3.0806316 2.9606027 3.1034339 3.1338832 2.8607678 2.9587473 5.2957301 5.7056856 5.9358987 5.0789262 4.1884369 4.4796631 4.6136908 3.3009858 3.4492445 3.5102401 3.3465880 3.6687288 3.5666665 3.7930506 3.6951658 
tr|A0A1E4TXI3|A0A1E4TXI3_PACTA 3.1294875 2.5828845 3.1076683 1.5441745 1.4652261 1.4171523 0.0000000 2.1313578 1.7261434 2.6648549 1.6346618 2.5478682 1.9603892 2.1304765 2.1063555 2.0858258 1.9848986 2.0681702 2.0806836 2.1423981 2.1311545 2.2033256 2.1904021 2.1267293 2.2483618 2.3500022 1.8270758 1.7305948 2.0538197 2.0389659 1.9937053 2.8134019 2.0503319 2.0909418 2.1318790 2.1794230 2.1845616 2.2501834 2.2623752 2.8446452 2.3057249 3.0518572 2.3095135 2.2534934 2.4905073 2.3265672 6.5948653 4.8918145 1.9485953 2.8073016 3.0672902 2.5983911 2.7638098 3.0896396 2.5368887 2.5029454 3.4932269 2.6290030 2.7804661 2.5593592 2.7202629 2.6546556 5.2502029 4.5557631 6.3596240 5.0231874 4.2068413 4.6147710 4.0611855 2.5878631 2.9640194 2.9556677 3.0241674 3.1095994 2.8331592 2.9079992 3.2675066 
tr|A0A1E4TLY2|A0A1E4TLY2_9ASCO 3.9239301 3.2807249 3.6779606 2.4065913 2.1455637 2.5910865 2.1313578 0.0000000 0.9574684 3.2568910 2.4759247 2.6453621 1.0404329 1.0781934 1.0634751 0.9939729 1.0136284 1.0371143 0.9603313 0.9917855 1.0539654 1.0283708 1.3807513 1.4354214 1.5499417 1.9953626 1.1494828 1.2097271 1.4137109 1.3983450 1.2277745 2.7789469 1.3999660 1.4222931 1.3475000 1.5271257 1.4356482 1.2685195 1.3008337 2.5439809 1.3640002 2.5828273 1.3057112 1.3361836 2.1909098 2.7753624 6.1160257 5.2522933 1.5892685 3.1743401 2.1036668 1.8241912 1.9686561 2.8701613 2.0640127 2.2520726 3.1005148 2.5009035 2.6569452 2.1832677 2.4022019 2.4146671 4.7449333 4.9419382 4.6599895 4.6194833 4.1737036 4.2828623 4.3106458 2.6662603 2.8829546 2.9029595 2.8112837 2.7357750 2.5235487 2.9024166 3.3264728 
tr|A0A1E3Q8G3|A0A1E3Q8G3_LIPST 3.4669422 3.2947997 3.6666888 2.1593943 1.8763206 1.9551374 1.7261434 0.9574684 0.0000000 2.8324687 2.2219438 1.9904577 0.7626919 0.8214036 0.7637374 0.7509306 0.6982009 0.7236021 0.7354147 0.7817614 0.7731516 0.8068391 1.1415469 1.1870504 1.2193064 1.5740531 0.7623561 0.8053510 0.9346556 0.9884382 0.8839386 2.4936258 0.8477394 0.8461480 0.9110185 1.0175838 0.9357488 0.8206837 0.8276844 1.6683866 0.8290935 1.7053492 0.8404746 0.8876314 1.9963321 2.1871308 5.6087428 4.9525913 1.0668190 2.4386542 1.8307849 1.3709055 1.7784276 1.9893376 1.5938660 2.0824192 2.4966684 1.9513325 2.0115465 2.1388420 2.0409079 1.8915843 4.6625034 4.3028133 4.4460283 4.0147983 4.3205667 3.7993246 3.5815679 2.1550861 2.2175560 2.4930962 2.2722174 2.3149600 2.4434410 2.5292710 2.7344774 
sp|Q756R8|HEK2_ASHGO           1.4555781 1.2251289 0.8198068 2.9933944 2.9220091 3.3223180 2.6648549 3.2568910 2.8324687 0.0000000 3.1293649 3.8716825 2.7747821 2.9576809 3.0845123 2.9683893 2.9864879 2.9384939 2.9548442 3.1124869 2.9378693 2.9484691 3.1637280 3.1882469 3.1060883 3.4963583 2.9616033 3.1224593 2.6358680 3.1668007 2.8463812 3.9371212 2.9878228 2.8196781 2.9158274 2.7952722 2.7563813 2.6906424 2.8101846 3.2205580 2.8959177 3.2719050 2.9107326 2.8255136 3.3464516 2.9929885 7.1042085 6.2685066 3.1670827 3.5982018 3.3935682 3.3944140 2.9236608 4.1593069 3.1281949 3.5542096 4.6366751 3.4798536 3.5829128 3.5193144 3.6991991 3.4611858 4.4348185 4.2521025 4.3104793 4.0152105 4.6658052 4.2434571 4.3340581 3.5718034 3.9625313 3.4176804 3.7287363 3.5671382 3.5431334 3.9470618 4.9304103 
tr|A0A1D8PQ55|A0A1D8PQ55_CANAL 3.7811545 3.1330586 3.7835954 0.5350776 0.6187067 2.3278267 1.6346618 2.4759247 2.2219438 3.1293649 0.0000000 3.5312363 2.5540249 2.4868124 2.4118633 2.5011893 2.4921432 2.4708395 2.6177849 2.6995815 2.7539748 2.8532096 2.9459481 2.9699039 3.0274050 3.0857188 2.5719295 2.6299715 2.6340832 2.8589451 2.6842539 4.1997025 2.8017699 2.4740420 2.5098470 2.6080593 2.6473792 2.5989120 2.5710265 2.8107155 2.5815433 2.9960329 2.6030460 2.6099636 2.8619731 3.1692732 7.1821342 5.1333633 2.8369602 3.3608522 3.2135610 3.2777575 2.8073607 3.9081488 2.9741409 3.0477528 3.8754829 3.4522600 3.4918543 2.9928018 3.2367343 2.9639658 4.6281891 5.5796876 5.8392413 5.7349051 5.2792428 5.3691831 5.5935417 3.5121032 3.7040438 3.8037778 3.7383862 3.7153651 3.6334152 4.2541842 4.3414381 
tr|Q6CGM2|Q6CGM2_YARLI         4.1139335 3.4106558 4.2264523 3.0388742 2.9792231 2.7597592 2.5478682 2.6453621 1.9904577 3.8716825 3.5312363 0.0000000 2.6843744 2.6815410 2.3370294 2.6641302 2.5876114 2.6634817 2.5658031 2.8400702 2.7820775 2.6589081 2.8021869 2.7865698 2.6744915 2.8784981 2.4497633 2.3066344 2.5220339 2.5456150 2.2844596 3.4917591 2.2950599 2.3477503 2.4065748 2.6541267 2.5100357 2.6875679 2.5730277 3.0222238 2.7092617 3.3387297 2.7542454 2.6128900 3.3071999 2.9786785 6.5556011 4.8475149 2.4321547 3.2773494 3.4474437 2.7661264 3.0919350 3.6317947 2.6260728 3.3950240 3.8817120 3.2169918 3.3057832 3.4098023 3.2977418 3.4448126 6.3462600 5.4336671 5.7067475 5.9509871 4.5244743 4.9737224 4.1392824 3.4114355 3.4849411 3.5535969 3.4982193 3.7399822 3.2357738 3.7421997 3.8502094 
tr|U9W326|U9W326_NEUCR         4.1301559 3.1976674 3.6906719 2.4843598 2.2974281 2.3309566 1.9603892 1.0404329 0.7626919 2.7747821 2.5540249 2.6843744 0.0000000 0.2937750 0.4601148 0.4766248 0.4810071 0.4895599 0.4407024 0.5037381 0.2268370 0.7499902 1.3672096 1.2590146 1.2201789 1.8448180 1.0239250 0.8797284 1.0020518 1.2789595 1.2573571 2.7209332 1.0385399 1.1179863 1.0501857 1.2218255 1.1704866 1.1511695 0.9467661 1.9247675 0.9154151 2.0307458 0.9991524 0.9921141 2.0173182 2.4494412 6.3494975 5.0788170 1.2939765 2.7398177 1.8391861 1.7600080 1.8394034 2.5372783 2.0459709 2.0839071 3.2195001 1.9516396 2.0296859 2.1311963 2.3587017 1.9731274 5.0399956 4.2353062 4.1911577 4.5976818 4.2465823 4.0898619 3.9718443 2.7076618 2.5846930 2.6797272 2.6437689 2.8713599 2.5990625 2.6204792 3.1186020 
tr|A7ENQ9|A7ENQ9_SCLS1         4.1341887 3.2529654 3.7568054 2.4207866 2.1778261 2.4741205 2.1304765 1.0781934 0.8214036 2.9576809 2.4868124 2.6815410 0.2937750 0.0000000 0.4114009 0.4420344 0.4195708 0.4751919 0.4424415 0.4857501 0.2017040 0.7615467 1.2667440 1.3391966 1.2974186 1.8817462 0.9824131 0.8395700 0.9745541 1.2848577 1.1322667 2.9748408 1.0196220 1.0287036 1.0405607 1.2066035 1.1967334 1.1211964 0.8901506 1.8898983 0.9240161 1.9907744 1.0321093 1.0175815 1.9655953 2.3529720 6.3166539 5.0216910 1.3435574 2.6074907 1.7646412 1.7575320 1.9259084 2.7176953 1.7996265 2.0092565 3.3798085 2.0767541 2.0602972 2.0503014 2.4450504 2.0699999 4.6508330 4.2548669 4.1802958 4.7812298 4.3607119 4.0259984 3.8721592 2.8460639 2.5974662 2.7334568 2.6908825 3.0196630 2.6867892 2.7110650 2.9397491 
tr|Q0U0F5|Q0U0F5_PHANO         4.0757780 3.5369733 3.6151451 2.4143940 1.9809392 2.3896800 2.1063555 1.0634751 0.7637374 3.0845123 2.4118633 2.3370294 0.4601148 0.4114009 0.0000000 0.3967431 0.3942505 0.3648212 0.3607912 0.4368984 0.4095770 0.6650474 1.1744146 1.3420232 1.3093561 1.8565636 0.9619957 0.8672790 0.9602823 1.0205637 1.0406912 2.4583671 1.0359632 0.9978727 1.0293088 1.1303597 1.1243078 0.9272678 0.8372534 1.7846757 0.7533263 1.8770218 0.7827433 0.7922253 1.8657180 2.4964525 5.5804877 4.9149784 1.2378360 2.2922839 1.9550238 1.7679463 1.6971994 2.5520049 1.7696105 1.9641609 3.1541088 1.9349028 2.0679650 2.0213122 2.2670492 1.9062899 4.1055035 4.3160738 4.1879835 4.4838494 4.2469633 3.8398354 3.8380161 2.5172972 2.5215829 2.7442456 2.5368003 2.6688431 2.4594315 2.3834997 3.0579929 
tr|Q5B4I4|Q5B4I4_EMENI         4.0851155 3.4456719 3.6794771 2.4561871 2.0979054 2.3145693 2.0858258 0.9939729 0.7509306 2.9683893 2.5011893 2.6641302 0.4766248 0.4420344 0.3967431 0.0000000 0.1103601 0.2727020 0.2415042 0.1653612 0.4008612 0.5822693 1.1516542 1.2474346 1.1856894 1.7838660 0.9082292 0.9077310 0.9742601 1.0699997 1.1614417 2.6562342 0.9469921 0.9347635 1.0542461 1.1957179 1.1451865 1.0774280 0.8687826 1.8270617 0.8685445 1.9325685 0.9245716 0.8532937 1.6430813 2.5159044 5.7980056 5.3978945 1.2429005 2.5007489 1.8764828 1.6796667 1.6505303 2.7699160 1.7195017 1.7119875 2.9841220 1.9438681 1.9908735 1.7940261 2.3772879 1.9758952 4.7379919 4.2152966 4.6087501 4.8836738 4.3474815 3.9720383 4.2180371 2.7087741 2.6458798 2.7345534 2.6633517 2.9602578 2.7649832 2.7958843 3.0453021 
tr|Q4WI80|Q4WI80_ASPFU         4.0882619 3.4624183 3.8275520 2.4349153 2.0582012 2.3640007 1.9848986 1.0136284 0.6982009 2.9864879 2.4921432 2.5876114 0.4810071 0.4195708 0.3942505 0.1103601 0.0000000 0.2196303 0.1927846 0.1772692 0.4316208 0.6055976 1.1782245 1.1647279 1.1760016 1.7774343 0.9112556 0.8934779 0.9513565 1.0810462 1.1392001 2.6893926 0.9645959 0.8961043 1.0833108 1.1914750 1.1795607 1.0887552 0.9419504 1.8159171 0.8636452 1.9211781 0.9179142 0.8819193 1.6830151 2.4408095 6.2860713 5.3872084 1.2383106 2.5074247 1.8645195 1.6919326 1.7026355 2.5775753 1.7045181 1.7586198 3.1343053 2.0418225 2.0872930 1.8191503 2.4824581 2.0014844 4.6506295 4.0489095 4.4517399 4.8382561 4.4248902 3.9523127 4.1766250 2.8386106 2.7157761 2.8534218 2.6561032 2.9072728 2.7080610 2.7718290 2.8562132 
tr|J3KKB7|J3KKB7_COCIM         3.8042604 3.3578259 3.6385909 2.4323226 2.1768473 2.3334835 2.0681702 1.0371143 0.7236021 2.9384939 2.4708395 2.6634817 0.4895599 0.4751919 0.3648212 0.2727020 0.2196303 0.0000000 0.2073683 0.2800700 0.4841004 0.6880867 1.2610153 1.2568754 1.2355425 1.8999978 0.9176339 0.8849529 0.9747365 1.1379448 1.2103681 2.5843003 1.0281254 1.0009359 1.1003101 1.2563477 1.2814888 1.1332156 0.9408480 1.7256525 0.9216304 1.8379363 0.9472101 0.9245000 1.7529082 2.3949032 5.7789297 5.6528333 1.2875972 2.5855596 1.9866894 1.7710651 1.7434386 2.5606739 1.8084672 1.8152279 3.1639032 2.0380959 2.1144943 1.8891015 2.4174061 2.0452167 4.7549996 4.3189655 4.5745974 4.7918605 4.4344543 3.9488442 4.2127250 2.6439647 2.6453987 2.7988684 2.5162757 2.7437552 2.6279901 2.7292268 3.2263669 
tr|C0NUH0|C0NUH0_AJECG         4.1628869 3.5388864 3.5227894 2.4869663 2.2985220 2.4056999 2.0806836 0.9603313 0.7354147 2.9548442 2.6177849 2.5658031 0.4407024 0.4424415 0.3607912 0.2415042 0.1927846 0.2073683 0.0000000 0.2253529 0.4489798 0.6339078 1.3012293 1.1870582 1.1928123 1.7785516 0.8983113 0.8563691 0.9544977 1.0808916 1.1511966 2.6836986 0.9543372 0.9213222 1.0547415 1.2050971 1.1374143 1.0492642 0.8998568 1.7681526 0.9414812 1.8386485 0.9758134 0.8997830 1.7856498 2.3866740 5.7551257 5.6338009 1.2533831 2.6428858 1.8902782 1.7963089 1.6859494 2.6324248 1.7182595 1.8487690 3.3123469 2.0211402 2.0922586 1.9390480 2.5862897 2.0240271 4.8144097 4.2170043 4.2012963 4.5777332 4.4259409 4.0568558 4.0879931 2.8260745 2.7201692 2.9830994 2.6529620 2.7626062 2.7772175 2.7818666 2.8942415 
CRL17176.1                     4.3169035 3.4241613 3.7845366 2.6399608 2.2577548 2.5636254 2.1423981 0.9917855 0.7817614 3.1124869 2.6995815 2.8400702 0.5037381 0.4857501 0.4368984 0.1653612 0.1772692 0.2800700 0.2253529 0.0000000 0.4381561 0.6912631 1.2215393 1.2351454 1.1834203 1.7990985 0.8955305 0.8366017 1.0362821 1.1823011 1.2111343 2.8134310 1.0236192 1.0183261 1.1638428 1.2715892 1.2168440 1.2323643 0.9903275 1.8997194 0.9877543 1.9707420 1.0933930 1.0188025 1.7060170 2.6747025 5.9422508 5.4473876 1.2946465 2.6415991 1.8006490 1.8321646 1.6621093 2.9138775 1.8633155 1.8027518 3.2863903 2.0110624 2.0817248 1.8889689 2.5428963 2.0173327 5.0774986 4.3423838 4.5769728 4.8011800 4.6550513 4.4136487 4.6846414 2.8142660 2.9086508 2.9752792 2.9235868 3.1401464 2.9252757 2.8417046 3.2793933 
tr|A0A2H3G6J4|A0A2H3G6J4_GIBZA 4.0815488 3.2545651 3.8976955 2.5737804 2.3638752 2.5191438 2.1311545 1.0539654 0.7731516 2.9378693 2.7539748 2.7820775 0.2268370 0.2017040 0.4095770 0.4008612 0.4316208 0.4841004 0.4489798 0.4381561 0.0000000 0.7415160 1.1801677 1.2516409 1.2330669 1.9466642 0.9956836 0.8634339 0.9891499 1.3004733 1.1925007 2.7573770 1.0278235 1.0859902 1.1264164 1.2654047 1.2477618 1.1200845 0.8837226 2.0085978 0.8792214 2.0906689 0.9868571 0.9908087 1.9734944 2.5178262 6.1853689 4.9964538 1.3079364 2.7207694 1.9014643 1.8074811 1.9633826 2.7178959 1.8765458 2.0242531 3.3813825 2.0164787 2.0626360 2.0593110 2.5941412 2.0525473 5.1732313 4.3091228 4.4172656 4.7102045 4.2675858 4.3309457 4.0707892 2.6532803 2.6516611 2.8313577 2.6796990 2.9074409 2.7052529 2.6459229 3.1628036 
CAZ84241.1                     4.6354402 3.5440950 3.8178847 2.5796333 2.4829205 2.4389520 2.2033256 1.0283708 0.8068391 2.9484691 2.8532096 2.6589081 0.7499902 0.7615467 0.6650474 0.5822693 0.6055976 0.6880867 0.6339078 0.6912631 0.7415160 0.0000000 1.3639446 1.3714913 1.3326095 1.9754451 1.0573944 0.9539379 1.0685913 1.3168562 1.2616319 2.4950571 0.9942395 0.9741722 1.1829168 1.3348738 1.2166422 1.1629989 0.9013198 1.8438321 0.9300986 1.8884503 0.9841190 0.9615221 1.9067914 2.4827534 6.5111938 5.3169259 1.3387058 2.7042301 2.0946736 1.8541454 1.9882932 2.4862422 1.6946461 2.0143771 3.0986362 2.2401124 2.4072602 2.0143553 2.4079630 2.2516335 4.4016608 3.7990888 4.4673381 4.4966399 4.3527890 3.8502036 3.8472544 2.6913082 2.6041692 3.0475679 2.6113627 2.8457688 2.4363447 2.3420072 3.0326349 
tr|A0A1Y2FDS9|A0A1Y2FDS9_PROLT 3.9757072 3.6929912 3.8554534 2.9374109 2.5263363 2.7028665 2.1904021 1.3807513 1.1415469 3.1637280 2.9459481 2.8021869 1.3672096 1.2667440 1.1744146 1.1516542 1.1782245 1.2610153 1.3012293 1.2215393 1.1801677 1.3639446 0.0000000 1.3470224 1.3073093 1.8834955 1.1697194 1.1583203 1.2873628 1.3936132 1.3097807 2.9527765 1.2310459 1.1662807 1.1833370 1.3897141 1.3883949 1.0767164 1.2086528 2.0239973 1.1681627 2.1777456 1.1492907 1.1393920 1.9060288 2.1452423 6.9875289 5.3726697 1.1582511 2.5953435 2.0288080 1.9405492 1.7352869 2.5687280 1.8250062 2.0011911 3.5863149 2.3307498 2.3080478 1.9838546 2.4624146 2.1406897 5.2599992 4.7880738 4.7247099 4.4274249 4.6933724 4.3291190 4.6373470 2.6823012 2.7508630 3.1060135 3.0149483 2.9982440 2.9323201 2.8811097 3.3743280 
sp|O74919|RNC1_SCHPO           3.9590003 3.3173751 3.7419995 2.5746205 2.2685696 2.8730467 2.1267293 1.4354214 1.1870504 3.1882469 2.9699039 2.7865698 1.2590146 1.3391966 1.3420232 1.2474346 1.1647279 1.2568754 1.1870582 1.2351454 1.2516409 1.3714913 1.3470224 0.0000000 0.3102455 1.8544379 1.1036709 1.0318818 1.2366025 1.3875670 1.1758779 2.8742874 1.1888625 1.2376242 1.2951991 1.4921546 1.3827635 1.2130913 1.2017444 2.2882825 1.1458398 2.4927208 1.1800511 1.1796541 2.1190300 2.5924370 7.2346305 6.2853129 1.2897378 2.7945513 2.0287985 1.8823135 1.8315656 2.7687024 2.1567486 2.1973721 3.8352496 2.3344646 2.3282245 2.1836547 2.3614779 2.2664859 4.5399892 4.3128788 4.3166014 4.2484179 4.8122993 4.1630524 4.3517069 2.4983231 2.8459708 2.9223870 2.4605636 2.5973408 2.7095666 3.0238304 3.5826503 
tr|B6K7V3|B6K7V3_SCHJY         4.3543312 3.3713148 4.0268817 2.8120204 2.4367841 2.9553691 2.2483618 1.5499417 1.2193064 3.1060883 3.0274050 2.6744915 1.2201789 1.2974186 1.3093561 1.1856894 1.1760016 1.2355425 1.1928123 1.1834203 1.2330669 1.3326095 1.3073093 0.3102455 0.0000000 1.9509251 1.0865487 1.0634852 1.2114889 1.3951640 1.1350491 2.9234333 1.2301940 1.2130582 1.3919358 1.5480845 1.4187778 1.3057612 1.2060728 2.3978278 1.1815949 2.6123776 1.2338616 1.2865529 2.1554214 2.5530399 6.9428296 6.1645357 1.2536908 2.6774047 2.0673627 1.7854790 1.8099149 2.8413156 2.1680894 2.2508111 3.8095202 2.3262772 2.3969476 2.2643118 2.3981932 2.3950081 4.8302620 4.1530970 4.1326354 4.3749938 5.1121473 4.4426714 4.6727999 2.4889482 2.7103820 2.9151809 2.5767531 2.7437879 2.8664824 3.0190175 3.6928978 
ODQ50940.1                     4.7684717 4.2361913 4.1580608 3.0513695 2.7402175 2.9782993 2.3500022 1.9953626 1.5740531 3.4963583 3.0857188 2.8784981 1.8448180 1.8817462 1.8565636 1.7838660 1.7774343 1.8999978 1.7785516 1.7990985 1.9466642 1.9754451 1.8834955 1.8544379 1.9509251 0.0000000 1.6290553 1.5294482 1.7941055 1.8473536 1.5895392 2.5652394 1.7566907 1.7405398 1.7028218 1.7450150 1.8954948 1.7972035 1.6701087 2.3431806 1.7123423 2.4482942 1.7306800 1.6780595 2.5803943 2.8253514 6.4215963 4.6945986 2.0641407 3.1426192 2.3850941 2.4203971 2.5059699 2.6754822 2.5050826 2.8309975 3.2510328 2.9270730 3.0492900 2.7583655 2.7462136 2.9176683 4.3829049 4.6246067 4.2627114 4.4761176 5.1681346 4.7285737 4.2343278 2.6796378 2.5948663 2.8331733 2.5464570 2.6363757 2.4728519 2.8170353 3.0814817 
tr|K5XJV1|K5XJV1_AGABU         4.0382537 3.4059106 3.6649627 2.3522941 2.1612176 2.2451708 1.8270758 1.1494828 0.7623561 2.9616033 2.5719295 2.4497633 1.0239250 0.9824131 0.9619957 0.9082292 0.9112556 0.9176339 0.8983113 0.8955305 0.9956836 1.0573944 1.1697194 1.1036709 1.0865487 1.6290553 0.0000000 0.3751576 0.9415573 1.0330993 0.8012842 2.1442412 0.8105801 0.7858519 1.0013875 1.1535329 0.9433304 0.9729575 0.8377248 1.7131986 0.8574283 1.7452751 0.8234091 0.7991671 1.5523824 2.3868913 6.3036532 4.9223148 1.0917803 2.6227278 1.6203570 1.4934964 1.8294991 2.0364382 1.6314421 1.6761132 2.6128011 1.8293485 1.9302995 1.6927401 2.1942380 1.9137145 3.7995757 4.4361864 4.0543956 4.3867312 3.6907730 3.1315038 3.7674464 1.9726399 2.2873465 2.2825103 2.1258758 2.1981103 1.9131582 2.3575844 3.0101463 
tr|F8PI85|F8PI85_SERL3         3.7978018 3.0536465 3.6921876 2.2536775 2.2741925 2.3709672 1.7305948 1.2097271 0.8053510 3.1224593 2.6299715 2.3066344 0.8797284 0.8395700 0.8672790 0.9077310 0.8934779 0.8849529 0.8563691 0.8366017 0.8634339 0.9539379 1.1583203 1.0318818 1.0634852 1.5294482 0.3751576 0.0000000 0.8475762 0.9862623 0.8143542 2.4941374 0.8464863 0.8265976 0.9793300 1.0622100 0.9852532 0.8992655 0.7412832 1.7133172 0.8216368 1.7722627 0.8054532 0.6909050 1.6445311 2.3443091 6.4906223 5.4153432 0.9581135 2.6774328 1.5604823 1.4479517 1.5689558 2.2064526 1.6347083 1.6764369 2.6905425 1.7359777 1.7845178 1.6823758 2.1106517 1.7798969 4.2871496 4.6625703 4.3606355 4.7098532 3.8916266 3.3330367 3.8629382 2.1997234 2.2966644 2.4833481 2.3623424 2.4304984 2.0166702 2.3167884 2.9040284 
tr|Q5KIG3|Q5KIG3_CRYNJ         3.4404206 3.3145907 3.2770493 2.2767687 2.3265506 2.2353574 2.0538197 1.4137109 0.9346556 2.6358680 2.6340832 2.5220339 1.0020518 0.9745541 0.9602823 0.9742601 0.9513565 0.9747365 0.9544977 1.0362821 0.9891499 1.0685913 1.2873628 1.2366025 1.2114889 1.7941055 0.9415573 0.8475762 0.0000000 0.8227328 0.9021966 2.1853819 0.7522936 0.8186796 0.8379417 0.9363112 0.9597971 0.7847923 0.7572200 2.0081049 0.7842796 2.0855713 0.8393168 0.7882760 1.8551362 2.5665211 5.3676965 5.4314007 1.1519687 2.5491915 1.8893635 1.6853625 1.7180803 2.4164872 1.5830071 1.8650894 3.1807892 2.0509044 2.1252924 1.8585016 2.4948127 2.0573164 4.9096998 4.8868768 3.9981558 3.8354334 3.6767110 3.4962785 4.2977654 2.3661158 2.4356656 2.6907177 2.4423550 2.5532809 2.0221154 2.1938770 3.0998066 
tr|A0A0D1DWZ0|A0A0D1DWZ0_USTMA 3.9837512 3.7705337 3.7146638 2.4351351 2.3965719 2.8362017 2.0389659 1.3983450 0.9884382 3.1668007 2.8589451 2.5456150 1.2789595 1.2848577 1.0205637 1.0699997 1.0810462 1.1379448 1.0808916 1.1823011 1.3004733 1.3168562 1.3936132 1.3875670 1.3951640 1.8473536 1.0330993 0.9862623 0.8227328 0.0000000 0.9463723 2.4765399 1.0239184 0.9464421 1.1071765 1.2347809 1.0564242 1.0847397 0.9051241 1.9582197 0.8721100 2.0175334 0.9840728 0.9918248 1.8665434 2.5890740 5.8332752 5.8449199 1.0935771 2.9117901 1.7676662 1.7271216 1.8050046 2.2592576 2.0317629 2.0591401 3.3809089 2.0656638 2.1158995 2.0181319 2.4491607 1.9448353 5.0054777 4.7661659 4.4171387 4.3832217 3.5414221 3.6559658 3.8178616 2.3605585 2.3787714 2.6721641 2.2845273 2.3675337 2.3164732 2.6045929 3.0826905 
tr|E3KWI0|E3KWI0_PUCGT         3.7687595 3.3906663 3.3035766 2.2828326 1.9471422 2.3926348 1.9937053 1.2277745 0.8839386 2.8463812 2.6842539 2.2844596 1.2573571 1.1322667 1.0406912 1.1614417 1.1392001 1.2103681 1.1511966 1.2111343 1.1925007 1.2616319 1.3097807 1.1758779 1.1350491 1.5895392 0.8012842 0.8143542 0.9021966 0.9463723 0.0000000 2.2848176 0.8884439 0.9332133 0.9132839 1.1574598 0.9750989 0.9987760 0.8459945 1.7318977 0.8887014 1.8174855 0.9724654 0.8570910 1.6832421 2.3774188 7.1875571 6.1520842 1.0901463 2.7951375 1.8802557 1.5643965 1.8052785 2.0391969 1.5468513 1.8236533 3.1108001 2.0682154 2.1827913 1.8307305 2.1335640 2.0985689 4.8324402 4.5418706 4.3173663 4.4783625 3.6556943 3.3144820 3.8089245 2.1015427 2.4012056 2.5682640 2.2763639 2.3599928 2.1408563 2.2647913 2.7685582 
tr|A8QCC7|A8QCC7_MALGO         4.5899381 4.0133258 4.5582229 3.2829800 3.4449416 3.4864016 2.8134019 2.7789469 2.4936258 3.9371212 4.1997025 3.4917591 2.7209332 2.9748408 2.4583671 2.6562342 2.6893926 2.5843003 2.6836986 2.8134310 2.7573770 2.4950571 2.9527765 2.8742874 2.9234333 2.5652394 2.1442412 2.4941374 2.1853819 2.4765399 2.2848176 0.0000000 2.5477880 2.3940390 2.3377771 2.6648663 2.3492078 2.2130861 2.1827985 1.6226836 2.3653091 1.6491943 2.3718353 2.2509236 2.6752065 3.5069012 7.6248964 4.7267084 2.2655626 1.9854292 3.2273300 2.8804721 2.5537432 1.9472492 3.1972754 2.8291477 2.5079112 3.1882994 3.2551035 2.8990348 1.8174031 3.1202917 4.3900619 4.2596949 4.0954209 4.2749637 2.8580960 2.8012507 2.8959851 1.6650644 1.7391001 1.8878835 1.7390293 1.6860790 0.8703030 0.6657514 3.1316794 
RIB07453.1                     4.1151331 3.5606234 3.8191680 2.6172001 2.5204795 2.3500038 2.0503319 1.3999660 0.8477394 2.9878228 2.8017699 2.2950599 1.0385399 1.0196220 1.0359632 0.9469921 0.9645959 1.0281254 0.9543372 1.0236192 1.0278235 0.9942395 1.2310459 1.1888625 1.2301940 1.7566907 0.8105801 0.8464863 0.7522936 1.0239184 0.8884439 2.5477880 0.0000000 0.2208530 0.7742250 0.9670849 1.0117425 0.6776476 0.7127464 1.9390186 0.7322266 1.9924618 0.7449405 0.6935674 1.6049872 2.2685891 5.7710753 5.3514475 0.8910080 2.6964919 1.7693318 1.4487618 1.6339499 2.5414620 1.6821343 1.6298988 2.8833616 1.8925756 1.9430031 1.6935522 2.0440785 1.8581694 4.6234626 4.6044049 4.5383589 4.5001952 3.6725051 3.7259577 3.9406333 2.4287151 2.5069786 2.7808239 2.2719283 2.4395818 2.2796677 2.5830616 3.1786987 
tr|A0A2I1FVD9|A0A2I1FVD9_9GLOM 4.4136776 3.5221552 3.9207085 2.5077292 2.4193617 2.4642166 2.0909418 1.4222931 0.8461480 2.8196781 2.4740420 2.3477503 1.1179863 1.0287036 0.9978727 0.9347635 0.8961043 1.0009359 0.9213222 1.0183261 1.0859902 0.9741722 1.1662807 1.2376242 1.2130582 1.7405398 0.7858519 0.8265976 0.8186796 0.9464421 0.9332133 2.3940390 0.2208530 0.0000000 0.7263742 1.0146665 0.9287299 0.6835465 0.7082429 1.7597640 0.6918355 1.8493788 0.7421891 0.7061443 1.5310060 2.2248392 6.1558990 5.4068466 0.8751988 2.7040136 1.7888871 1.4364675 1.6437424 2.3646728 1.6177303 1.7228920 2.8299990 1.9609791 2.0104923 1.7147151 2.0662758 1.9069425 4.9017484 4.9293837 4.5045525 4.7070950 3.5802869 3.7730672 3.9410505 2.5174078 2.4866159 2.8042402 2.4255144 2.5319103 2.2785326 2.6017947 3.1964820 
tr|S2J695|S2J695_MUCC1         4.3277445 3.4267154 3.0869039 2.2034578 2.2963785 2.4960718 2.1318790 1.3475000 0.9110185 2.9158274 2.5098470 2.4065748 1.0501857 1.0405607 1.0293088 1.0542461 1.0833108 1.1003101 1.0547415 1.1638428 1.1264164 1.1829168 1.1833370 1.2951991 1.3919358 1.7028218 1.0013875 0.9793300 0.8379417 1.1071765 0.9132839 2.3377771 0.7742250 0.7263742 0.0000000 0.7572414 0.6847492 0.3389062 0.7666213 1.7196184 0.7805040 1.8665811 0.8179127 0.8071065 1.6560120 2.6622593 5.5370727 5.2132379 1.0140481 2.4834710 1.7778332 1.5812250 1.6799004 2.4125837 1.8568713 1.6342642 2.8246735 2.0094093 2.1584866 1.6297324 2.1796872 1.9948751 4.1867990 4.7419839 4.2243704 4.3431418 3.5321570 3.5933210 3.5153032 2.2514345 2.2085319 2.5272783 2.3007871 2.3564573 2.2539264 2.3022040 2.7949684 
tr|A0A068RUY8|A0A068RUY8_9FUNG 4.1180285 3.3890907 3.7369958 2.4748659 2.3027300 2.4597157 2.1794230 1.5271257 1.0175838 2.7952722 2.6080593 2.6541267 1.2218255 1.2066035 1.1303597 1.1957179 1.1914750 1.2563477 1.2050971 1.2715892 1.2654047 1.3348738 1.3897141 1.4921546 1.5480845 1.7450150 1.1535329 1.0622100 0.9363112 1.2347809 1.1574598 2.6648663 0.9670849 1.0146665 0.7572414 0.0000000 0.6726587 0.6228299 0.9357374 1.9212390 0.9901057 2.0082873 1.0406830 0.9680715 1.9559920 2.3677065 5.8268365 5.0907768 1.1032545 2.4279570 1.8901404 1.8432300 1.8139370 2.1259203 1.9435119 2.0026246 2.9038717 2.1569513 2.3050893 1.9421049 2.3137560 2.1483234 4.3818678 4.7269009 4.1292461 4.4802538 3.8242541 3.6813884 3.7587822 2.3702340 2.3058616 2.5003326 2.3484516 2.3539488 2.5588276 2.5726057 3.2155864 
tr|A0A068SC23|A0A068SC23_9FUNG 4.2703406 3.1482113 3.7015558 2.3803954 2.4034102 2.4997991 2.1845616 1.4356482 0.9357488 2.7563813 2.6473792 2.5100357 1.1704866 1.1967334 1.1243078 1.1451865 1.1795607 1.2814888 1.1374143 1.2168440 1.2477618 1.2166422 1.3883949 1.3827635 1.4187778 1.8954948 0.9433304 0.9852532 0.9597971 1.0564242 0.9750989 2.3492078 1.0117425 0.9287299 0.6847492 0.6726587 0.0000000 0.6145745 0.8577933 1.9089146 0.9070580 2.0537328 0.9409225 0.8611146 1.8775923 2.5950037 6.6927225 5.4723236 1.0615334 2.4590817 1.9629125 1.8332817 1.7181768 2.5769213 2.0358320 1.9824444 3.2193843 2.1880741 2.3014102 1.9284807 2.1934657 2.1880546 4.4292366 4.2007525 4.3306698 4.6963204 4.3470154 3.8540954 3.7598890 2.4532770 2.6145814 2.7215772 2.3913447 2.4839850 2.4253000 2.5298555 3.2091979 
tr|A0A167JEF7|A0A167JEF7_PHYB8 4.0346585 3.4309172 3.6778282 2.2995606 2.4972612 2.3336427 2.2501834 1.2685195 0.8206837 2.6906424 2.5989120 2.6875679 1.1511695 1.1211964 0.9272678 1.0774280 1.0887552 1.1332156 1.0492642 1.2323643 1.1200845 1.1629989 1.0767164 1.2130913 1.3057612 1.7972035 0.9729575 0.8992655 0.7847923 1.0847397 0.9987760 2.2130861 0.6776476 0.6835465 0.3389062 0.6228299 0.6145745 0.0000000 0.7055204 1.7082536 0.7018680 1.8224371 0.7216760 0.7455870 1.6525620 2.4128772 5.8319482 4.7007512 1.0333379 2.5047211 1.8863178 1.5608242 1.8007716 2.1866820 1.6754530 1.6896098 2.8350882 2.0513681 2.1465246 1.6600864 2.4954164 1.9857167 4.5814963 4.5948378 4.0509711 4.3641580 3.5540556 3.9845082 3.6652695 2.3403835 2.4623713 2.6441542 2.5075939 2.5297915 2.1821744 2.3025017 3.2516553 
tr|A0A1Y2H299|A0A1Y2H299_9FUNG 4.0176126 3.3405890 3.7011571 2.4860094 2.5355087 2.6172517 2.2623752 1.3008337 0.8276844 2.8101846 2.5710265 2.5730277 0.9467661 0.8901506 0.8372534 0.8687826 0.9419504 0.9408480 0.8998568 0.9903275 0.8837226 0.9013198 1.2086528 1.2017444 1.2060728 1.6701087 0.8377248 0.7412832 0.7572200 0.9051241 0.8459945 2.1827985 0.7127464 0.7082429 0.7666213 0.9357374 0.8577933 0.7055204 0.0000000 1.7578654 0.2733805 1.7783124 0.3322812 0.3167182 1.5787697 2.4943751 5.0544940 5.1584382 0.9334835 2.8317293 1.5326810 1.3640292 1.4178621 2.1900828 1.4730767 1.6324747 2.9114713 1.8340678 1.9195182 1.6317878 2.3245763 1.7854669 4.9182494 4.8899845 3.8296449 4.1295361 3.9000255 3.5059529 3.6269981 2.1620662 1.9451157 2.3098759 2.0849410 2.3146021 2.3040809 2.3370939 2.8745742 
tr|A0A1Y2H2P3|A0A1Y2H2P3_9FUNG 3.9139482 3.5422714 3.7767184 2.8489481 2.7327482 3.4886542 2.8446452 2.5439809 1.6683866 3.2205580 2.8107155 3.0222238 1.9247675 1.8898983 1.7846757 1.8270617 1.8159171 1.7256525 1.7681526 1.8997194 2.0085978 1.8438321 2.0239973 2.2882825 2.3978278 2.3431806 1.7131986 1.7133172 2.0081049 1.9582197 1.7318977 1.6226836 1.9390186 1.7597640 1.7196184 1.9212390 1.9089146 1.7082536 1.7578654 0.0000000 1.7224287 0.0749203 1.6592685 1.7097622 2.0245171 3.0426280 5.5986539 5.9252090 1.9205340 1.9320780 2.7407971 2.6040835 1.5734317 1.5803575 1.9348148 2.1132778 1.9948293 2.5225689 2.7241519 2.0145731 1.1436505 2.4965104 4.0720056 3.8773758 3.5647715 4.2055621 3.1566463 2.8309889 3.3024339 1.5473268 1.5837966 1.8534478 1.5940833 1.6603318 1.3883530 1.3687364 2.4941252 
tr|A0A1Y2GXC2|A0A1Y2GXC2_9FUNG 4.0787817 3.6096406 3.8116995 2.3389642 2.3948266 2.5093842 2.3057249 1.3640002 0.8290935 2.8959177 2.5815433 2.7092617 0.9154151 0.9240161 0.7533263 0.8685445 0.8636452 0.9216304 0.9414812 0.9877543 0.8792214 0.9300986 1.1681627 1.1458398 1.1815949 1.7123423 0.8574283 0.8216368 0.7842796 0.8721100 0.8887014 2.3653091 0.7322266 0.6918355 0.7805040 0.9901057 0.9070580 0.7018680 0.2733805 1.7224287 0.0000000 1.8165386 0.1382534 0.2024549 1.6601410 2.5586413 6.0226690 5.2752421 0.9755440 2.8416921 1.4901509 1.3905613 1.4532578 2.1636531 1.5495874 1.6766878 2.7875913 1.8602640 1.9484359 1.6670263 2.0945376 1.8396191 4.3516776 4.8510715 4.3802464 4.2521937 3.6162656 3.4155089 3.4183883 2.1112574 2.0829301 2.3084095 2.1233149 2.3075518 2.3592438 2.7295830 3.0265922 
tr|A0A197JLF3|A0A197JLF3_9FUNG 4.0140380 3.5350674 3.8737945 2.9503141 2.8259155 3.5085821 3.0518572 2.5828273 1.7053492 3.2719050 2.9960329 3.3387297 2.0307458 1.9907744 1.8770218 1.9325685 1.9211781 1.8379363 1.8386485 1.9707420 2.0906689 1.8884503 2.1777456 2.4927208 2.6123776 2.4482942 1.7452751 1.7722627 2.0855713 2.0175334 1.8174855 1.6491943 1.9924618 1.8493788 1.8665811 2.0082873 2.0537328 1.8224371 1.7783124 0.0749203 1.8165386 0.0000000 1.7418186 1.7715220 2.1192424 3.1725417 5.8887396 6.0147058 1.9826308 1.9241489 2.7867087 2.7420898 1.6100322 1.5944798 2.0345836 2.1908864 2.0840269 2.5441655 2.8244483 2.1230061 1.1343047 2.4942286 4.2393758 3.8573823 3.5969736 4.2717358 3.1669393 2.8974746 3.4335036 1.6423224 1.6902795 1.9220763 1.6906771 1.7671596 1.3913104 1.2911742 2.5499026 
tr|A0A197KFB3|A0A197KFB3_9FUNG 4.1515849 3.5216209 3.9984584 2.4267085 2.4178459 2.4278965 2.3095135 1.3057112 0.8404746 2.9107326 2.6030460 2.7542454 0.9991524 1.0321093 0.7827433 0.9245716 0.9179142 0.9472101 0.9758134 1.0933930 0.9868571 0.9841190 1.1492907 1.1800511 1.2338616 1.7306800 0.8234091 0.8054532 0.8393168 0.9840728 0.9724654 2.3718353 0.7449405 0.7421891 0.8179127 1.0406830 0.9409225 0.7216760 0.3322812 1.6592685 0.1382534 1.7418186 0.0000000 0.1807500 1.6637503 2.5214830 5.8870806 5.4736516 0.9922713 3.1004296 1.5517534 1.3422365 1.4729030 2.1262709 1.6184013 1.6878223 2.7064774 1.9793860 2.1177304 1.6781190 2.0906911 1.9707140 4.4233132 4.7465018 4.3760089 4.2906562 3.7508509 3.2913967 3.6055053 2.1834482 2.0888717 2.3498461 2.1066865 2.2996161 2.2801023 2.5793933 2.9818407 
tr|A0A197KJC7|A0A197KJC7_9FUNG 3.8748232 3.3455359 3.9224404 2.2655433 2.4533813 2.5268930 2.2534934 1.3361836 0.8876314 2.8255136 2.6099636 2.6128900 0.9921141 1.0175815 0.7922253 0.8532937 0.8819193 0.9245000 0.8997830 1.0188025 0.9908087 0.9615221 1.1393920 1.1796541 1.2865529 1.6780595 0.7991671 0.6909050 0.7882760 0.9918248 0.8570910 2.2509236 0.6935674 0.7061443 0.8071065 0.9680715 0.8611146 0.7455870 0.3167182 1.7097622 0.2024549 1.7715220 0.1807500 0.0000000 1.6025861 2.4367750 5.9538227 5.0962851 0.9337523 2.8647449 1.5206266 1.3968138 1.4327022 2.1392212 1.5512688 1.6393966 2.7887696 1.8292654 1.9439935 1.6672413 2.1708660 1.8589273 4.4142184 4.8826109 4.0074529 4.3230345 3.7748175 3.5175143 3.5429193 2.1770723 2.1150267 2.2264893 2.1018545 2.2252948 2.2964550 2.4483737 3.1506425 
tr|A0A1Y1UN73|A0A1Y1UN73_9FUNG 4.2536618 3.7300533 4.5601242 3.0053363 3.0591684 3.0346455 2.4905073 2.1909098 1.9963321 3.3464516 2.8619731 3.3071999 2.0173182 1.9655953 1.8657180 1.6430813 1.6830151 1.7529082 1.7856498 1.7060170 1.9734944 1.9067914 1.9060288 2.1190300 2.1554214 2.5803943 1.5523824 1.6445311 1.8551362 1.8665434 1.6832421 2.6752065 1.6049872 1.5310060 1.6560120 1.9559920 1.8775923 1.6525620 1.5787697 2.0245171 1.6601410 2.1192424 1.6637503 1.6025861 0.0000000 3.0318645 6.2308869 5.2835157 1.9007120 2.6096764 2.2312555 2.1208162 1.6373019 2.8419765 1.7591632 0.1484561 2.9289624 1.4179745 1.4893613 0.1367091 2.3523680 1.4610109 4.5393265 4.9456865 4.4875492 4.6562338 3.4155181 3.4803030 4.2187907 2.4020983 2.5380736 2.5640913 2.6302491 2.7644549 2.2652328 2.7778727 3.3042331 
tr|A0A0L0SNY3|A0A0L0SNY3_ALLM3 3.7632273 3.3658905 3.7045445 3.1670220 2.6534900 2.7237112 2.3265672 2.7753624 2.1871308 2.9929885 3.1692732 2.9786785 2.4494412 2.3529720 2.4964525 2.5159044 2.4408095 2.3949032 2.3866740 2.6747025 2.5178262 2.4827534 2.1452423 2.5924370 2.5530399 2.8253514 2.3868913 2.3443091 2.5665211 2.5890740 2.3774188 3.5069012 2.2685891 2.2248392 2.6622593 2.3677065 2.5950037 2.4128772 2.4943751 3.0426280 2.5586413 3.1725417 2.5214830 2.4367750 3.0318645 0.0000000 6.7647646 4.8197570 2.1405666 2.9161213 3.4072764 2.8973063 3.1745318 3.4108412 2.7374648 2.9577985 4.4257442 3.2683299 3.3746177 2.9301004 3.5779432 3.0430923 5.0134133 5.3312567 5.8392797 5.4495487 4.3704262 3.9751923 4.9004368 3.3216941 3.9054077 4.4743729 3.7879844 3.8189961 3.0185702 3.4863443 3.6052070 
tr|A0A2G5B6M0|A0A2G5B6M0_COERN 7.1252134 7.2574052 8.2936991 6.8826343 7.3057215 7.0118784 6.5948653 6.1160257 5.6087428 7.1042085 7.1821342 6.5556011 6.3494975 6.3166539 5.5804877 5.7980056 6.2860713 5.7789297 5.7551257 5.9422508 6.1853689 6.5111938 6.9875289 7.2346305 6.9428296 6.4215963 6.3036532 6.4906223 5.3676965 5.8332752 7.1875571 7.6248964 5.7710753 6.1558990 5.5370727 5.8268365 6.6927225 5.8319482 5.0544940 5.5986539 6.0226690 5.8887396 5.8870806 5.9538227 6.2308869 6.7647646 0.0000000 4.7132734 6.7075044 8.0325748 6.4075330 6.6386323 5.2550336 7.2589950 6.0728906 6.3881405 7.0180539 6.5809989 6.8801063 6.4377399 7.1211715 6.8331684 7.2110257 7.1779266 7.6387193 6.6487635 8.2746955 8.9999988 8.8400311 6.4280140 6.0188524 6.4052153 6.2878066 6.2073091 5.6302583 6.9409350 7.0393340 
tr|A0A2G5B6M6|A0A2G5B6M6_COERN 6.0351843 5.7065658 6.8521833 4.5711375 4.6574600 5.5198113 4.8918145 5.2522933 4.9525913 6.2685066 5.1333633 4.8475149 5.0788170 5.0216910 4.9149784 5.3978945 5.3872084 5.6528333 5.6338009 5.4473876 4.9964538 5.3169259 5.3726697 6.2853129 6.1645357 4.6945986 4.9223148 5.4153432 5.4314007 5.8449199 6.1520842 4.7267084 5.3514475 5.4068466 5.2132379 5.0907768 5.4723236 4.7007512 5.1584382 5.9252090 5.2752421 6.0147058 5.4736516 5.0962851 5.2835157 4.8197570 4.7132734 0.0000000 5.4002873 5.2515674 5.1577708 6.0848933 5.4518415 7.0988674 5.7893503 5.5622096 5.3514383 5.0648985 5.1239877 5.4100303 4.7145050 4.9025022 6.6803915 5.9507784 6.1286452 5.8313409 5.6212786 5.5002973 7.1567479 5.7729463 5.8051782 5.4236883 5.5302007 5.4355737 4.7070966 5.1878938 6.3142872 
tr|A0A2G5BJ39|A0A2G5BJ39_COERN 4.6339195 4.2737863 4.0191812 2.6655261 2.4324772 2.5303359 1.9485953 1.5892685 1.0668190 3.1670827 2.8369602 2.4321547 1.2939765 1.3435574 1.2378360 1.2429005 1.2383106 1.2875972 1.2533831 1.2946465 1.3079364 1.3387058 1.1582511 1.2897378 1.2536908 2.0641407 1.0917803 0.9581135 1.1519687 1.0935771 1.0901463 2.2655626 0.8910080 0.8751988 1.0140481 1.1032545 1.0615334 1.0333379 0.9334835 1.9205340 0.9755440 1.9826308 0.9922713 0.9337523 1.9007120 2.1405666 6.7075044 5.4002873 0.0000000 2.6351570 1.9798643 1.4801735 1.8750045 2.0959618 1.7867501 1.9886300 2.9701478 2.2518712 2.2316069 1.9755238 2.3517651 2.2759220 4.8269613 4.3983819 4.8075062 4.3860775 4.1858778 4.6021461 4.1113958 2.4228115 2.6018406 2.8228239 2.4313399 2.3972630 2.2970805 2.5944976 3.3856979 
