77
sp|P38199|HEK2_YEAST           0.0000000 1.0271922 1.9316794 3.1916106 3.1641599 2.8761800 2.6205532 3.1876072 2.8354109 1.2933772 3.1154427 3.3278208 3.3247603 3.3198053 3.2878023 3.2891454 3.2923508 3.0772010 3.3534214 3.4586510 3.2884187 3.7053011 3.2638008 3.1798938 3.4769476 3.7552864 3.2623411 3.0739744 2.8350561 3.4034012 3.0395095 3.6453064 3.3287968 3.5560275 3.4729470 3.3979442 3.5940721 3.3376428 3.2914624 3.1663627 3.3208891 3.2346406 3.3751705 3.1723987 3.4364768 3.3070532 5.7427865 4.7349551 3.7194786 3.7434680 3.5594272 3.7270953 3.3114548 4.0980646 3.3907885 3.4309801 4.7058772 3.7283308 3.5588350 3.4240969 3.8948067 3.7024214 4.8057319 4.2898902 4.5761313 3.6106835 4.2924944 4.3799398 4.1178088 3.5234420 3.9486090 3.6506496 3.9363813 3.9281784 3.3565051 3.6318296 3.7786954 
tr|A0A0W0CSB5|A0A0W0CSB5_CANGB 1.0271922 0.0000000 1.4881644 3.0073657 2.8706727 2.3450995 2.1866186 2.6642395 2.6890448 1.1640891 2.6543783 2.7899684 2.6262666 2.6701666 2.8792432 2.8104706 2.8234739 2.7419817 2.8754204 2.7962622 2.6675144 2.8953783 3.0770656 2.7293095 2.7960686 3.3716436 2.7724537 2.5116805 2.7313797 3.0664952 2.7854934 3.2307345 2.9077808 2.8760395 2.8491103 2.8238440 2.6905896 2.8429484 2.7620721 2.8833023 2.9591455 2.8789059 2.9027133 2.7645305 2.9477311 2.7743549 5.8128905 4.5010205 3.4396744 2.8021521 2.8278930 2.9113369 2.9355318 3.4914965 3.1503598 2.9458922 3.7140685 3.2702142 3.4085934 2.9902539 3.2004443 3.1297301 3.8257979 3.8589935 3.8353549 3.4107090 3.8486387 4.1462239 3.1992244 3.1105380 3.2314616 3.2254224 3.1470662 3.2195997 3.0877128 3.0675507 3.5408483 
CAG99590.1                     1.9316794 1.4881644 0.0000000 2.9116296 2.9892144 3.0025113 2.5905431 2.9491313 2.9918179 0.7472296 3.0898589 3.4020459 3.0351571 3.0638436 2.9524249 2.9969799 3.1105458 2.9647830 2.8779736 3.0854589 3.1756243 3.1365924 3.1637772 3.1014546 3.2692408 3.3426823 2.9743353 2.9988393 2.7163784 3.0994705 2.7223932 3.6320474 3.1042143 3.1404438 2.6187868 3.1256691 3.2290198 3.1022865 3.0911357 3.0494360 3.1487071 3.1205513 3.2616012 3.1943217 3.5980307 3.1105191 6.4157456 5.2287495 3.3272815 3.4184841 3.1554788 3.2991438 3.2927242 3.7200467 3.7036390 3.8011206 4.0988609 3.8484764 3.9466131 3.7141567 3.7616581 3.6174580 4.1274376 4.0497581 4.0640883 3.6877452 4.4565444 4.3333684 3.6871245 3.4072238 3.5112950 3.4604853 3.1986350 3.3285382 3.6490757 3.4557937 3.6877456 
tr|Q6BNR7|Q6BNR7_DEBHA         3.1916106 3.0073657 2.9116296 0.0000000 0.4011497 2.0713568 1.3109730 2.0389501 1.8556371 2.4881138 0.4978703 2.5546345 2.1186365 2.0626030 2.0491628 2.0892489 2.0781505 2.0705874 2.1131858 2.2358052 2.1842604 2.1861849 2.4414336 2.1532203 2.3296796 2.5214226 2.0138680 1.9277190 1.9341094 2.0758015 1.9492899 2.6866076 2.2176692 2.1093455 1.8974055 2.1184633 2.0346435 1.9668715 2.1180637 2.3751813 1.9966486 2.4471705 2.0677245 1.9436599 2.5208494 2.6100567 5.1416348 3.6097789 2.2721904 2.6819970 2.6973107 2.5809353 2.1431924 2.7864268 2.3563117 2.4777865 3.0257694 2.7660338 2.7895537 2.4560042 2.5967903 2.5556485 3.4524170 4.0947005 4.6118553 4.1728773 3.7651546 3.8607355 4.1064855 2.4577999 2.5973581 3.0296865 2.6515430 2.6413362 2.6694702 2.8929484 3.1743991 
tr|A0A2H1A341|A0A2H1A341_CANAR 3.1641599 2.8706727 2.9892144 0.4011497 0.0000000 1.9355691 1.3415427 1.8565140 1.6264982 2.4230428 0.5998280 2.5248516 1.9659926 1.8713329 1.7114799 1.8070373 1.7789612 1.8696945 1.9680775 1.9324909 2.0164144 2.1082629 2.1307986 1.9291728 2.0576571 2.2839826 1.8579914 1.9376359 1.9957711 2.0406135 1.6788078 2.8032674 2.1489911 2.0608821 1.9672910 1.9939611 2.0446850 2.1287870 2.1451765 2.2757753 2.0300024 2.3418738 2.0500812 2.0790466 2.5301921 2.2304276 5.5562767 3.6710723 2.0837980 2.5699091 2.4560723 2.4951291 2.2698252 2.5235470 2.2586360 2.5199930 2.7218604 2.5858552 2.5571263 2.5929741 2.5000550 2.4160422 3.5157642 4.2704617 4.5480989 3.8361236 3.5977373 3.7944189 3.6095302 2.3803954 2.3799540 2.5114376 2.5447531 2.6071077 2.7691039 2.6515153 2.9851259 
SOP79513.1                     2.8761800 2.3450995 3.0025113 2.0713568 1.9355691 0.0000000 1.2532465 2.1609573 1.7415396 2.6609670 2.0067081 2.3252989 1.9924213 2.1054433 2.0358682 1.9753280 2.0084146 1.9886001 2.0414782 2.1759897 2.1344809 2.0855130 2.2699744 2.4411610 2.5327787 2.4491120 1.9149073 2.0129885 1.9121662 2.3703426 2.0323382 2.8614393 2.0180042 2.0873556 2.1172454 2.0803960 2.1116631 1.9894758 2.2078524 2.8612507 2.1209518 2.8740353 2.0591876 2.1428096 2.5016104 2.3571519 5.4722734 4.5008793 2.1371068 2.6526869 2.8351736 2.4923263 2.6879674 2.8026170 2.6977088 2.4331119 2.7472970 2.4422284 2.5493820 2.5743492 2.3942066 2.4327348 4.1873789 4.6616187 4.6791358 4.0152104 3.3105562 3.5498873 3.7423151 2.7128705 2.8159925 2.9209211 2.7449694 2.9816661 2.9116913 3.2130224 3.0544209 
tr|A0A1E4TXI3|A0A1E4TXI3_PACTA 2.6205532 2.1866186 2.5905431 1.3109730 1.3415427 1.2532465 0.0000000 1.8157704 1.5455986 2.2465577 1.3660308 2.1510580 1.7028850 1.8340732 1.8094209 1.7977327 1.7220524 1.7810934 1.7898599 1.8450556 1.8302381 1.8944254 1.8629732 1.8032190 1.8965781 1.9935246 1.5878771 1.5055837 1.7635397 1.7494831 1.7157090 2.3344946 1.7614941 1.7780397 1.8273589 1.8695263 1.8746285 1.9317517 1.9404169 2.3587533 1.9721454 2.5074585 1.9733273 1.9360433 2.0994973 2.0251317 5.0267542 3.9303547 1.6759820 2.3512296 2.5333744 2.1980006 2.2994955 2.6035924 2.1673179 2.1024911 2.9823238 2.2019801 2.3151823 2.1463486 2.2723483 2.2233656 4.0975209 3.7412893 4.9396367 3.9474077 3.3831540 3.6634149 3.2632653 2.1549645 2.4267172 2.4732968 2.4977254 2.5522341 2.3545785 2.4938213 2.7051919 
tr|A0A1E4TLY2|A0A1E4TLY2_9ASCO 3.1876072 2.6642395 2.9491313 2.0389501 1.8565140 2.1609573 1.8157704 0.0000000 0.8642169 2.6534755 2.0952139 2.2005965 0.9358109 0.9679304 0.9536356 0.8951830 0.9125633 0.9326829 0.8665665 0.8928677 0.9476437 0.9265245 1.2180546 1.2688330 1.3613593 1.7172943 1.0252913 1.0733329 1.2477020 1.2468525 1.0948302 2.3063525 1.2403579 1.2611868 1.1910678 1.3347034 1.2865545 1.1253799 1.1541138 2.1233350 1.2025421 2.1570601 1.1544684 1.1816228 1.8881391 2.3517343 4.6265140 4.0960599 1.4204476 2.6230023 1.8835312 1.5878572 1.6861348 2.3860063 1.7933167 1.9395316 2.5727549 2.0973132 2.2232835 1.8823509 2.0361072 2.0324066 3.7446114 3.9162334 3.6930668 3.6566775 3.3257425 3.4130187 3.4495128 2.2384879 2.4058470 2.4227751 2.3443736 2.2897779 2.1245624 2.4107035 2.7299054 
tr|A0A1E3Q8G3|A0A1E3Q8G3_LIPST 2.8354109 2.6890448 2.9918179 1.8556371 1.6264982 1.7415396 1.5455986 0.8642169 0.0000000 2.3565683 1.8694471 1.7185067 0.6944342 0.7466590 0.6957885 0.6860352 0.6381506 0.6618426 0.6705098 0.7091194 0.7040479 0.7320638 1.0134872 1.0598765 1.0845976 1.3799850 0.6922063 0.7297329 0.8393448 0.8886617 0.8006773 2.0982648 0.7657729 0.7645252 0.8227604 0.9114123 0.8679186 0.7426252 0.7480067 1.4453410 0.7472998 1.4738760 0.7582785 0.8016385 1.7141484 1.9169237 4.4259714 3.9335889 0.9525901 2.0730987 1.5885417 1.2071199 1.5398725 1.7386381 1.3998702 1.7842453 2.2132444 1.7163385 1.7683590 1.8267493 1.7561240 1.6687134 3.7167515 3.5494483 3.5307633 3.2194980 3.4992795 3.1096984 2.8783376 1.8456861 1.8918334 2.1080748 1.9385705 1.9665271 2.0640149 2.1866281 2.2941558 
sp|Q756R8|HEK2_ASHGO           1.2933772 1.1640891 0.7472296 2.4881138 2.4230428 2.6609670 2.2465577 2.6534755 2.3565683 0.0000000 2.6086422 3.1150955 2.3114668 2.4416053 2.5418753 2.4510284 2.4742454 2.4264275 2.4479631 2.5709838 2.4285885 2.4413215 2.6530989 2.5964751 2.5023725 2.8402623 2.4445176 2.5521707 2.2142911 2.5954190 2.3662423 3.1569255 2.4511449 2.3261889 2.3980190 2.3110478 2.2968949 2.2310908 2.3017729 2.6351521 2.3633387 2.6740829 2.3790625 2.3110380 2.7961519 2.4958184 5.5405900 4.8006211 2.6118184 2.9716578 2.7435910 2.7253584 2.4144833 3.3398616 2.5917655 2.9454658 4.1845660 2.8342912 2.9211436 2.9227588 2.9969228 2.8285286 3.5260927 3.3774371 3.4192707 3.2044690 3.7026966 3.3856212 3.4524056 2.8852975 3.1807354 2.7864192 3.0027755 2.8858665 2.8595732 3.1620730 3.8584819 
tr|A0A1D8PQ55|A0A1D8PQ55_CANAL 3.1154427 2.6543783 3.0898589 0.4978703 0.5998280 2.0067081 1.3660308 2.0952139 1.8694471 2.6086422 0.0000000 2.9253323 2.1543221 2.0964265 2.0385437 2.1131721 2.1081908 2.0952282 2.2008296 2.2654853 2.3051515 2.3833052 2.4479655 2.4326472 2.4683902 2.5448910 2.1808634 2.2179162 2.2212995 2.3854334 2.2608259 3.3665179 2.3448776 2.0762778 2.1202460 2.2223880 2.2918047 2.2011530 2.1722991 2.3466845 2.1802938 2.4816079 2.2008187 2.2104279 2.3925566 2.6049649 5.4019369 4.0176039 2.3876504 2.7762047 2.6567757 2.7462899 2.3241873 3.1750780 2.5031915 2.5065319 3.2080190 2.8120534 2.8383230 2.4820240 2.6707721 2.4460877 3.6891242 4.3101794 4.5239805 4.4329072 4.1596018 4.1834467 4.4012292 2.8698035 2.9967361 3.1061709 3.0601630 3.0462223 2.9506292 3.3912813 3.4968058 
tr|Q6CGM2|Q6CGM2_YARLI         3.3278208 2.7899684 3.4020459 2.5546345 2.5248516 2.3252989 2.1510580 2.2005965 1.7185067 3.1150955 2.9253323 0.0000000 2.2837936 2.2818143 1.9902692 2.2536376 2.1971480 2.2525731 2.1742971 2.3961735 2.3576855 2.2395146 2.3764952 2.3358960 2.2664592 2.4168774 2.0668558 1.9510296 2.1293298 2.1492538 1.9728285 2.9285787 1.9626281 2.0149435 2.0485150 2.2212735 2.1826020 2.2663727 2.2232324 2.5118035 2.3139102 2.7465694 2.3535399 2.2261040 2.7558360 2.5204794 5.0111448 3.7870189 2.0558210 2.7452191 2.8212151 2.3541359 2.5357338 2.9774533 2.2270837 2.7979221 3.0411857 2.6703917 2.7338054 2.8352566 2.6828845 2.8485798 4.6572189 4.2904495 4.3495483 4.6255132 3.5487547 3.9509228 3.2509374 2.8354507 2.8177613 2.8839280 2.8662748 3.0397674 2.6672266 3.0842584 3.0649330 
tr|U9W326|U9W326_NEUCR         3.3247603 2.6262666 3.0351571 2.1186365 1.9659926 1.9924213 1.7028850 0.9358109 0.6944342 2.3114668 2.1543221 2.2837936 0.0000000 0.2770091 0.4287423 0.4441531 0.4481460 0.4606552 0.4111849 0.4667373 0.2160942 0.6789113 1.2066778 1.1203225 1.0838379 1.6068353 0.9245177 0.7994064 0.8994572 1.1350850 1.1164942 2.2802515 0.9412385 1.0107261 0.9410683 1.0874951 1.0598545 1.0246346 0.8518452 1.6582580 0.8264440 1.7401186 0.8976437 0.8922305 1.7347649 2.0755163 4.9400233 4.0836076 1.1414925 2.3151968 1.5986348 1.5501643 1.5875079 2.1489899 1.7677124 1.7868317 2.6892581 1.6677441 1.7486396 1.8252762 2.0000526 1.7064125 4.0460447 3.4822744 3.4105030 3.6595990 3.3884236 3.3066651 3.2121398 2.2959592 2.1909919 2.2525472 2.2234910 2.3982920 2.1913873 2.2051923 2.5968881 
tr|A7ENQ9|A7ENQ9_SCLS1         3.3198053 2.6701666 3.0638436 2.0626030 1.8713329 2.1054433 1.8340732 0.9679304 0.7466590 2.4416053 2.0964265 2.2818143 0.2770091 0.0000000 0.3851950 0.4137083 0.3931638 0.4475338 0.4111888 0.4498165 0.1928318 0.6913236 1.1220402 1.1873336 1.1485485 1.6331211 0.8892420 0.7626118 0.8807262 1.1422901 1.0137000 2.4693862 0.9253456 0.9337137 0.9359208 1.0728126 1.0742163 1.0016945 0.8048770 1.6247014 0.8333204 1.7056930 0.9260849 0.9159050 1.6912883 1.9965682 4.9138273 4.0018300 1.1840481 2.2058815 1.5440505 1.5367362 1.6563674 2.2930438 1.5664268 1.7265479 2.8050774 1.7829412 1.7710544 1.7594219 2.0635769 1.7787674 3.6991153 3.4548556 3.3402660 3.7832776 3.4688037 3.2406985 3.1161689 2.3984554 2.2033782 2.2884001 2.2570244 2.5113725 2.2584364 2.2742874 2.4574159 
tr|Q0U0F5|Q0U0F5_PHANO         3.2878023 2.8792432 2.9524249 2.0491628 1.7114799 2.0358682 1.8094209 0.9536356 0.6957885 2.5418753 2.0385437 1.9902692 0.4287423 0.3851950 0.0000000 0.3723931 0.3701651 0.3478767 0.3385515 0.4074744 0.3826989 0.6069783 1.0436890 1.1860224 1.1560584 1.6153032 0.8700933 0.7854701 0.8661650 0.9173328 0.9321036 2.0848885 0.9294133 0.8962692 0.9246908 1.0122483 1.0119482 0.8354263 0.7600085 1.5368524 0.6852933 1.6087159 0.7094581 0.7195566 1.6064259 2.1126868 4.3872194 3.9263258 1.0973454 1.9568742 1.6885072 1.5343219 1.4737540 2.1639356 1.5384807 1.6808884 2.6310840 1.6669612 1.7727880 1.7269805 1.9280515 1.6446224 3.3095335 3.5248489 3.3566884 3.6041147 3.3881044 3.0996539 3.0880225 2.1208319 2.1188631 2.2914021 2.1236665 2.2230870 2.0660158 2.0191741 2.5333264 
tr|Q5B4I4|Q5B4I4_EMENI         3.2891454 2.8104706 2.9969799 2.0892489 1.8070373 1.9753280 1.7977327 0.8951830 0.6860352 2.4510284 2.1131721 2.2536376 0.4441531 0.4137083 0.3723931 0.0000000 0.1069220 0.2600406 0.2313352 0.1586843 0.4201548 0.5352556 1.0260760 1.1084101 1.0667361 1.5536784 0.8240606 0.8227270 0.8753278 0.9586506 1.0340054 2.2243719 0.8533051 0.8442511 0.9434910 1.0679085 1.1041502 0.9658974 0.7846204 1.5744255 0.7847991 1.6584117 0.8314289 0.7719232 1.4326289 2.1333292 4.4855732 4.2226899 1.0982865 2.1238840 1.6268033 1.4538705 1.4345201 2.3354498 1.4999851 1.4858271 2.4815037 1.6776359 1.7147536 1.5530887 2.0190927 1.7039049 3.7677991 3.3937274 3.6691502 3.8736711 3.4515090 3.2049838 3.3420629 2.2760248 2.2319298 2.2794104 2.2312446 2.4516370 2.2981023 2.3306768 2.5388100 
tr|Q4WI80|Q4WI80_ASPFU         3.2923508 2.8234739 3.1105458 2.0781505 1.7789612 2.0084146 1.7220524 0.9125633 0.6381506 2.4742454 2.1081908 2.1971480 0.4481460 0.3931638 0.3701651 0.1069220 0.0000000 0.2101486 0.1850411 0.1694201 0.4026340 0.5558780 1.0507599 1.0406457 1.0460859 1.5520873 0.8262986 0.8093736 0.8549875 0.9672322 1.0166119 2.2502364 0.8684049 0.8099884 0.9705789 1.0639670 1.0527242 0.9750712 0.8478609 1.5678811 0.7822695 1.6515057 0.8265314 0.7973693 1.4674557 2.0713590 4.8209967 4.2046097 1.0925746 2.1335249 1.6180468 1.4669488 1.4763166 2.1831345 1.4898759 1.5265116 2.5905010 1.7599192 1.7948349 1.5769511 2.0964780 1.7258565 3.6952677 3.3159864 3.5438676 3.8262710 3.5034116 3.1972107 3.3154953 2.3709701 2.2795598 2.3715872 2.2261918 2.4193946 2.2636344 2.3165247 2.3941726 
tr|J3KKB7|J3KKB7_COCIM         3.0772010 2.7419817 2.9647830 2.0705874 1.8696945 1.9886001 1.7810934 0.9326829 0.6618426 2.4264275 2.0952282 2.2525731 0.4606552 0.4475338 0.3478767 0.2600406 0.2101486 0.0000000 0.1981898 0.2656278 0.4557505 0.6351313 1.1158710 1.1158152 1.0952294 1.6534868 0.8324680 0.8017278 0.8768288 1.0158229 1.0760641 2.1799508 0.9216555 0.8976024 0.9825043 1.1198131 1.1391177 1.0104135 0.8463379 1.4941504 0.8300364 1.5857874 0.8506425 0.8337071 1.5254608 2.0325414 4.5250885 4.4231395 1.1337533 2.2027642 1.7147196 1.5340805 1.5097264 2.1732663 1.5762112 1.5727858 2.6429364 1.7541685 1.8126081 1.6326571 2.0504208 1.7627868 3.7856522 3.5211701 3.6436062 3.8083120 3.5370881 3.1769750 3.3392562 2.2195510 2.2226876 2.3407242 2.1102351 2.2918763 2.2085182 2.2858642 2.6780252 
tr|C0NUH0|C0NUH0_AJECG         3.3534214 2.8754204 2.8779736 2.1131858 1.9680775 2.0414782 1.7898599 0.8665665 0.6705098 2.4479631 2.2008296 2.1742971 0.4111849 0.4111888 0.3385515 0.2313352 0.1850411 0.1981898 0.0000000 0.2150943 0.4170898 0.5826077 1.1524256 1.0566454 1.0589015 1.5486578 0.8148348 0.7763112 0.8579518 0.9674793 1.0238455 2.2511800 0.8592148 0.8320974 0.9457972 1.0755418 1.0164138 0.9396558 0.8116207 1.5245792 0.8483858 1.5801306 0.8762902 0.8124863 1.5483008 2.0346900 4.4416484 4.3739377 1.1057617 2.2323669 1.6398279 1.5478279 1.4658620 2.2289412 1.4998432 1.5973690 2.7261536 1.7396330 1.7968576 1.6716520 2.1731985 1.7458656 3.8119595 3.4497046 3.3653705 3.6547645 3.5072938 3.2679362 3.2551124 2.3659427 2.2813381 2.4707225 2.2202240 2.3087369 2.3167090 2.3229798 2.4246926 
CRL17176.1                     3.4586510 2.7962622 3.0854589 2.2358052 1.9324909 2.1759897 1.8450556 0.8928677 0.7091194 2.5709838 2.2654853 2.3961735 0.4667373 0.4498165 0.4074744 0.1586843 0.1694201 0.2656278 0.2150943 0.0000000 0.4060292 0.6292014 1.0841669 1.0978006 1.0514539 1.5701766 0.8123983 0.7593320 0.9293608 1.0515369 1.0762999 2.3539914 0.9173408 0.9126408 1.0362204 1.1284346 1.0827400 1.0964579 0.8875695 1.6279593 0.8868379 1.6858254 0.9766274 0.9125277 1.4896333 2.2625356 4.5957693 4.2537426 1.1421771 2.2390374 1.5666461 1.5778900 1.4468784 2.4517845 1.6186554 1.5661589 2.7008267 1.7319722 1.7881247 1.6358071 2.1420677 1.7375783 4.0172085 3.5328623 3.6333563 3.8103582 3.6744859 3.5317778 3.6954954 2.3642067 2.4338905 2.4661032 2.4388851 2.6000993 2.4311772 2.3680594 2.7180001 
tr|A0A2H3G6J4|A0A2H3G6J4_GIBZA 3.2884187 2.6675144 3.1756243 2.1842604 2.0164144 2.1344809 1.8302381 0.9476437 0.7040479 2.4285885 2.3051515 2.3576855 0.2160942 0.1928318 0.3826989 0.4201548 0.4026340 0.4557505 0.4170898 0.4060292 0.0000000 0.6733798 1.0486780 1.1156407 1.1248397 1.6868887 0.9001305 0.7830085 0.8921932 1.1534707 1.0640715 2.3043999 0.9340471 0.9823858 1.0074778 1.1183694 1.1392345 0.9996927 0.7996034 1.7152181 0.7961810 1.7806416 0.8883906 0.8933176 1.6960172 2.1183425 4.8230198 3.9823903 1.1542902 2.2907315 1.6547231 1.5721279 1.6857666 2.2941232 1.6269001 1.7350309 2.8149518 1.7355905 1.7718576 1.7627751 2.1808528 1.7668831 4.0822053 3.4956293 3.5094078 3.7357164 3.4021208 3.4636321 3.2490907 2.2534130 2.2379799 2.3605252 2.2483545 2.4246714 2.2636738 2.2278971 2.6239060 
CAZ84241.1                     3.7053011 2.8953783 3.1365924 2.1861849 2.1082629 2.0855130 1.8944254 0.9265245 0.7320638 2.4413215 2.3833052 2.2395146 0.6789113 0.6913236 0.6069783 0.5352556 0.5558780 0.6351313 0.5826077 0.6292014 0.6733798 0.0000000 1.2122092 1.2303157 1.2065941 1.7072465 0.9637033 0.8735269 0.9774462 1.1669514 1.1468980 2.1028118 0.8985254 0.8802375 1.0549549 1.1861971 1.1021421 1.0368816 0.8141978 1.5974047 0.8374687 1.6305855 0.8848320 0.8659015 1.6426327 2.1146819 5.1142282 4.2588634 1.1830936 2.2797405 1.8051114 1.6354062 1.7074610 2.1179112 1.4834763 1.7326233 2.6226259 1.9177576 2.0501915 1.7315279 2.0497658 1.9314825 3.5508541 3.1298404 3.5580247 3.5951412 3.4844866 3.1419445 3.1033055 2.2724297 2.2019109 2.5327543 2.2068562 2.3825629 2.0602434 1.9926959 2.4984225 
tr|A0A1Y2FDS9|A0A1Y2FDS9_PROLT 3.2638008 3.0770656 3.1637772 2.4414336 2.1307986 2.2699744 1.8629732 1.2180546 1.0134872 2.6530989 2.4479655 2.3764952 1.2066778 1.1220402 1.0436890 1.0260760 1.0507599 1.1158710 1.1524256 1.0841669 1.0486780 1.2122092 0.0000000 1.2308565 1.1941370 1.6349543 1.0344905 1.0385623 1.1521502 1.2350250 1.1773876 2.4699178 1.0943068 1.0334970 1.0561517 1.2619204 1.2852994 0.9759643 1.1179297 1.7441990 1.0586853 1.8596281 1.0483081 1.0417337 1.6663821 1.8468801 5.6033732 4.3039090 1.0372453 2.2560674 1.7455583 1.7154145 1.5062843 2.1615584 1.5958783 1.7372473 3.0981950 1.9741563 1.9591867 1.7256196 2.0999672 1.8267163 4.2641035 3.9332802 3.8647854 3.6928268 3.6618186 3.5149540 3.7268007 2.2767942 2.3230407 2.6079396 2.5090399 2.4924933 2.4342024 2.4124829 2.8207128 
sp|O74919|RNC1_SCHPO           3.1798938 2.7293095 3.1014546 2.1532203 1.9291728 2.4411610 1.8032190 1.2688330 1.0598765 2.5964751 2.4326472 2.3358960 1.1203225 1.1873336 1.1860224 1.1084101 1.0406457 1.1158152 1.0566454 1.0978006 1.1156407 1.2303157 1.2308565 0.0000000 0.3051929 1.6034575 0.9866510 0.9204835 1.0944478 1.2284785 1.0548104 2.4513935 1.0582082 1.1020367 1.1479546 1.3267736 1.3150530 1.0789359 1.0858840 1.9745833 1.0112479 2.1301568 1.0549659 1.0570604 1.8111157 2.1815275 5.8638903 4.9488066 1.1400598 2.3521672 1.7936658 1.6490173 1.5932983 2.3299231 1.8880794 1.8963268 3.1919233 1.9880179 1.9787671 1.8637909 2.0200069 1.9326792 3.7411323 3.5971786 3.5703440 3.5448212 3.8231831 3.3808804 3.5805268 2.1566611 2.3956166 2.4162109 2.1146102 2.2127258 2.3109490 2.5642643 3.0058202 
tr|B6K7V3|B6K7V3_SCHJY         3.4769476 2.7960686 3.2692408 2.3296796 2.0576571 2.5327787 1.8965781 1.3613593 1.0845976 2.5023725 2.4683902 2.2664592 1.0838379 1.1485485 1.1560584 1.0667361 1.0460859 1.0952294 1.0589015 1.0514539 1.1248397 1.2065941 1.1941370 0.3051929 0.0000000 1.6804346 0.9721846 0.9467693 1.0739694 1.2341379 1.0146489 2.4645276 1.0929525 1.0775334 1.2276678 1.3496756 1.3336238 1.1545101 1.0809357 2.0595836 1.0462416 2.2262355 1.0911425 1.1349406 1.8421210 2.1675355 5.4475991 4.8532896 1.1100220 2.2459833 1.8198196 1.5977190 1.5740320 2.3851990 1.9144845 1.9313545 3.2319774 1.9742705 2.0232176 1.9286195 2.0225347 2.0233467 3.9200176 3.4181604 3.4072577 3.6053969 4.0410991 3.5637015 3.8211858 2.1548645 2.3001655 2.4166665 2.2064151 2.3266897 2.4200472 2.5730592 3.0888723 
ODQ50940.1                     3.7552864 3.3716436 3.3426823 2.5214226 2.2839826 2.4491120 1.9935246 1.7172943 1.3799850 2.8402623 2.5448910 2.4168774 1.6068353 1.6331211 1.6153032 1.5536784 1.5520873 1.6534868 1.5486578 1.5701766 1.6868887 1.7072465 1.6349543 1.6034575 1.6804346 0.0000000 1.4263775 1.3408063 1.5585996 1.6339469 1.3880884 2.1546833 1.5318645 1.5263423 1.4967324 1.5278009 1.6513851 1.5761423 1.4651392 2.0028364 1.4993073 2.0782980 1.5116471 1.4694657 2.1782030 2.3840187 4.9938905 3.8228769 1.7696043 2.6045972 2.0340888 2.0639949 2.1099935 2.2384611 2.1326496 2.3632453 2.7121981 2.4338638 2.5191841 2.3176190 2.3083926 2.4233170 3.6061523 3.7627559 3.4858847 3.6028332 4.0239848 3.7489093 3.4111136 2.2843099 2.2051142 2.3863269 2.1964748 2.2665506 2.0769682 2.3520188 2.5678805 
tr|K5XJV1|K5XJV1_AGABU         3.2623411 2.7724537 2.9743353 2.0138680 1.8579914 1.9149073 1.5878771 1.0252913 0.6922063 2.4445176 2.1808634 2.0668558 0.9245177 0.8892420 0.8700933 0.8240606 0.8262986 0.8324680 0.8148348 0.8123983 0.9001305 0.9637033 1.0344905 0.9866510 0.9721846 1.4263775 0.0000000 0.3630245 0.8657013 0.9389283 0.7477897 1.8445147 0.7326747 0.7128266 0.9015071 1.0299007 0.8678657 0.8748522 0.7604980 1.4863399 0.7770287 1.5116078 0.7485215 0.7264636 1.3608944 2.0529607 4.8930031 3.9769583 0.9912801 2.2244198 1.4149328 1.3400387 1.5864194 1.7439582 1.4292004 1.4610119 2.2629474 1.5803479 1.6621228 1.4729338 1.8690464 1.6461994 3.1100855 3.5966593 3.3029944 3.5352903 3.0305034 2.6592138 3.0403062 1.6980794 1.9461205 1.9456692 1.8157652 1.8711174 1.6557350 2.0015000 2.5416405 
tr|F8PI85|F8PI85_SERL3         3.0739744 2.5116805 2.9988393 1.9277190 1.9376359 2.0129885 1.5055837 1.0733329 0.7297329 2.5521707 2.2179162 1.9510296 0.7994064 0.7626118 0.7854701 0.8227270 0.8093736 0.8017278 0.7763112 0.7593320 0.7830085 0.8735269 1.0385623 0.9204835 0.9467693 1.3408063 0.3630245 0.0000000 0.7810962 0.9031923 0.7511611 2.1086035 0.7668926 0.7490273 0.8801264 0.9530545 0.8829366 0.8114848 0.6795801 1.4825085 0.7462152 1.5313565 0.7318986 0.6333677 1.4267872 1.9850144 5.0123287 4.2671141 0.8662592 2.2674482 1.3611675 1.2796806 1.3733316 1.8763921 1.4271079 1.4546406 2.2679176 1.4987818 1.5360051 1.4586650 1.8008365 1.5305498 3.4553433 3.7618073 3.5081845 3.7773749 3.1426736 2.7510735 3.1035283 1.8757075 1.9466122 2.1014370 1.9967532 2.0473955 1.7375135 1.9615621 2.4170783 
tr|Q5KIG3|Q5KIG3_CRYNJ         2.8350561 2.7313797 2.7163784 1.9341094 1.9957711 1.9121662 1.7635397 1.2477020 0.8393448 2.2142911 2.2212995 2.1293298 0.8994572 0.8807262 0.8661650 0.8753278 0.8549875 0.8768288 0.8579518 0.9293608 0.8921932 0.9774462 1.1521502 1.0944478 1.0739694 1.5585996 0.8657013 0.7810962 0.0000000 0.7665994 0.8453597 1.8640311 0.6883654 0.7467616 0.7634579 0.8493359 0.8807633 0.7236841 0.6936092 1.7196620 0.7146490 1.7869838 0.7625928 0.7216072 1.6100854 2.2005921 4.1738948 4.2649157 1.0434190 2.1774045 1.6329213 1.4967565 1.4870238 2.0513730 1.3839678 1.6143363 2.6801174 1.7619458 1.8187428 1.6115681 2.1042201 1.7605558 3.9455092 3.8980552 3.2444251 3.1526765 3.0170353 2.9065229 3.4338746 2.0387176 2.1052878 2.2997242 2.0891419 2.1693483 1.7480471 1.8766307 2.5809284 
tr|A0A0D1DWZ0|A0A0D1DWZ0_USTMA 3.4034012 3.0664952 3.0994705 2.0758015 2.0406135 2.3703426 1.7494831 1.2468525 0.8886617 2.5954190 2.3854334 2.1492538 1.1350850 1.1422901 0.9173328 0.9586506 0.9672322 1.0158229 0.9674793 1.0515369 1.1534707 1.1669514 1.2350250 1.2284785 1.2341379 1.6339469 0.9389283 0.9031923 0.7665994 0.0000000 0.8745215 2.0882654 0.9201140 0.8524882 0.9900904 1.0955119 0.9695115 0.9835406 0.8164098 1.7293806 0.7850378 1.7806585 0.8820826 0.8928338 1.6407994 2.2851639 4.7691166 4.5919535 1.0171328 2.5032492 1.6253139 1.5257045 1.5609493 1.9627174 1.7583998 1.8115743 3.0747968 1.7812789 1.8210160 1.7767408 2.2195629 1.6794779 4.0387436 3.8975612 3.6380816 3.5912591 2.9349364 3.0813227 3.1359402 2.0544060 2.0696118 2.2729153 1.9799242 2.0361587 1.9951525 2.1951808 2.5889126 
tr|E3KWI0|E3KWI0_PUCGT         3.0395095 2.7854934 2.7223932 1.9492899 1.6788078 2.0323382 1.7157090 1.0948302 0.8006773 2.3662423 2.2608259 1.9728285 1.1164942 1.0137000 0.9321036 1.0340054 1.0166119 1.0760641 1.0238455 1.0762999 1.0640715 1.1468980 1.1773876 1.0548104 1.0146489 1.3880884 0.7477897 0.7511611 0.8453597 0.8745215 0.0000000 1.9468418 0.8063941 0.8471777 0.8280674 1.0448909 0.8893954 0.8925356 0.7857980 1.4968736 0.8073379 1.5660350 0.8711554 0.7747338 1.4693265 2.0033748 5.4509636 4.8675331 0.9949326 2.3981268 1.6307032 1.3611473 1.5548694 1.7463735 1.3634070 1.5828879 2.6116502 1.7761682 1.8653601 1.5881651 1.8270815 1.7960725 3.9400570 3.6909332 3.5771249 3.6646872 2.9820201 2.7449997 3.0634323 1.7997890 2.0346054 2.1675964 1.9297700 1.9959121 1.8345190 1.9339618 2.3218026 
tr|A8QCC7|A8QCC7_MALGO         3.6453064 3.2307345 3.6320474 2.6866076 2.8032674 2.8614393 2.3344946 2.3063525 2.0982648 3.1569255 3.3665179 2.9285787 2.2802515 2.4693862 2.0848885 2.2243719 2.2502364 2.1799508 2.2511800 2.3539914 2.3043999 2.1028118 2.4699178 2.4513935 2.4645276 2.1546833 1.8445147 2.1086035 1.8640311 2.0882654 1.9468418 0.0000000 2.1433507 2.0249095 1.9878650 2.2073566 2.1814307 1.8811709 1.8547906 1.4501130 2.0010447 1.4724000 2.0056422 1.9139681 2.2427457 2.8682309 5.6193686 3.8422830 1.9319171 1.7074854 2.6628423 2.5174063 2.1420829 1.6926038 2.6474430 2.3597514 2.2188329 2.6280505 2.6789516 2.4136483 1.5798361 2.5752594 3.5456417 3.4771453 3.3585513 3.4255657 2.4100447 2.3412920 2.4643637 1.5276382 1.5807668 1.7520680 1.5434727 1.5000264 0.8339674 0.6467022 2.5905008 
RIB07453.1                     3.3287968 2.9077808 3.1042143 2.2176692 2.1489911 2.0180042 1.7614941 1.2403579 0.7657729 2.4511449 2.3448776 1.9626281 0.9412385 0.9253456 0.9294133 0.8533051 0.8684049 0.9216555 0.8592148 0.9173408 0.9340471 0.8985254 1.0943068 1.0582082 1.0929525 1.5318645 0.7326747 0.7668926 0.6883654 0.9201140 0.8063941 2.1433507 0.0000000 0.2417636 0.7170580 0.8790152 0.9778175 0.6209596 0.6507675 1.6648972 0.6659400 1.7064944 0.6781745 0.6330188 1.4036435 1.9413754 4.6194412 4.3430480 0.8058619 2.2700677 1.5362124 1.3533293 1.4212166 2.1620184 1.5143660 1.4240883 2.6673255 1.6351910 1.6736499 1.4750576 1.7508295 1.6036184 3.7155332 3.7048361 3.6332643 3.6256490 2.9790954 3.0241389 3.2046058 2.0879106 2.1475281 2.3487856 1.9493530 2.0778774 1.9754454 2.1935949 2.6302370 
tr|A0A2I1FVD9|A0A2I1FVD9_9GLOM 3.5560275 2.8760395 3.1404438 2.1093455 2.0608821 2.0873556 1.7780397 1.2611868 0.7645252 2.3261889 2.0762778 2.0149435 1.0107261 0.9337137 0.8962692 0.8442511 0.8099884 0.8976024 0.8320974 0.9126408 0.9823858 0.8802375 1.0334970 1.1020367 1.0775334 1.5263423 0.7128266 0.7490273 0.7467616 0.8524882 0.8471777 2.0249095 0.2417636 0.0000000 0.6728983 0.9147352 0.9298618 0.6404351 0.6605812 1.5234688 0.6385182 1.5960569 0.6771799 0.6458454 1.3439502 1.8987864 4.9203853 4.3702022 0.7955782 2.2863403 1.5567661 1.2991345 1.4319665 2.0229458 1.4871121 1.4975850 2.5404579 1.7067127 1.7453443 1.4919980 1.7694371 1.6593689 3.8963044 3.9359859 3.5968866 3.7773991 2.9284391 3.0592251 3.2363571 2.2085425 2.1439676 2.3722001 2.0968501 2.1753720 1.9719110 2.2121910 2.6305592 
tr|S2J695|S2J695_MUCC1         3.4729470 2.8491103 2.6187868 1.8974055 1.9672910 2.1172454 1.8273589 1.1910678 0.8227604 2.3980190 2.1202460 2.0485150 0.9410683 0.9359208 0.9246908 0.9434910 0.9705789 0.9825043 0.9457972 1.0362204 1.0074778 1.0549549 1.0561517 1.1479546 1.2276678 1.4967324 0.9015071 0.8801264 0.7634579 0.9900904 0.8280674 1.9878650 0.7170580 0.6728983 0.0000000 0.7173208 0.6512101 0.3268582 0.7103450 1.4936201 0.7194379 1.6078093 0.7466281 0.7396061 1.4473672 2.2566383 4.3300642 4.1367315 0.9229713 2.1087125 1.5439336 1.3990018 1.4621879 2.0587702 1.6342404 1.4308385 2.3889833 1.7415119 1.8565039 1.4276866 1.8760566 1.7251751 3.3803241 3.8113457 3.4188641 3.4952171 2.8826490 2.9408415 2.8850573 1.9182627 1.8763349 2.1403912 1.9493165 1.9905855 1.9256328 1.9566293 2.3283993 
tr|A0A068RUY8|A0A068RUY8_9FUNG 3.3979442 2.8238440 3.1256691 2.1184633 1.9939611 2.0803960 1.8695263 1.3347034 0.9114123 2.3110478 2.2223880 2.2212735 1.0874951 1.0728126 1.0122483 1.0679085 1.0639670 1.1198131 1.0755418 1.1284346 1.1183694 1.1861971 1.2619204 1.3267736 1.3496756 1.5278009 1.0299007 0.9530545 0.8493359 1.0955119 1.0448909 2.2073566 0.8790152 0.9147352 0.7173208 0.0000000 0.6286007 0.5783454 0.8671974 1.6510883 0.9047545 1.7192367 0.9429314 0.8820805 1.6999047 2.0036042 4.5366898 3.9677837 0.9811022 2.0557741 1.6230120 1.6071660 1.5688525 1.8124206 1.6841392 1.7178491 2.4761110 1.8940642 2.0187343 1.6871839 2.0126817 1.8936265 3.4699650 3.6963143 3.3068283 3.5313522 3.0758456 3.0028860 3.0504484 2.0134278 1.9661919 2.1070055 1.9831223 1.9847589 2.1402119 2.1627943 2.6372123 
tr|A0A068SC23|A0A068SC23_9FUNG 3.5940721 2.6905896 3.2290198 2.0346435 2.0446850 2.1116631 1.8746285 1.2865545 0.8679186 2.2968949 2.2918047 2.1826020 1.0598545 1.0742163 1.0119482 1.1041502 1.0527242 1.1391177 1.0164138 1.0827400 1.1392345 1.1021421 1.2852994 1.3150530 1.3336238 1.6513851 0.8678657 0.8829366 0.8807633 0.9695115 0.8893954 2.1814307 0.9778175 0.9298618 0.6512101 0.6286007 0.0000000 0.5654411 0.7815439 1.6506554 0.8184619 1.7568646 0.8431902 0.7791706 1.6357047 2.2288416 5.3783997 4.9783058 0.9875793 2.1062866 1.7554550 1.7916121 1.4915000 2.3100453 1.8447156 1.7362151 3.5555897 1.8920589 1.9766070 1.7142700 1.8664888 1.8896826 3.5560936 3.4315895 3.4806485 3.7744489 3.4802803 3.1500259 3.3922281 2.1451002 2.3772102 2.4000777 2.0703674 2.1328341 2.0936810 2.3179915 2.7724359 
tr|A0A167JEF7|A0A167JEF7_PHYB8 3.3376428 2.8429484 3.1022865 1.9668715 2.1287870 1.9894758 1.9317517 1.1253799 0.7426252 2.2310908 2.2011530 2.2663727 1.0246346 1.0016945 0.8354263 0.9658974 0.9750712 1.0104135 0.9396558 1.0964579 0.9996927 1.0368816 0.9759643 1.0789359 1.1545101 1.5761423 0.8748522 0.8114848 0.7236841 0.9835406 0.8925356 1.8811709 0.6209596 0.6404351 0.3268582 0.5783454 0.5654411 0.0000000 0.6462773 1.4912671 0.6475130 1.5837352 0.6558864 0.6789492 1.4417829 2.0592392 4.5799518 3.7757786 0.9277958 2.1061152 1.6491247 1.3653998 1.5588952 1.8693432 1.4701783 1.4736188 2.4367419 1.7884855 1.8654161 1.4485730 2.1615188 1.7372966 3.7828854 3.7341224 3.3160984 3.5882518 2.8602808 3.2149622 2.9466493 2.0289660 2.0463506 2.2248310 2.1048421 2.1155311 1.8662897 1.9648871 2.7603586 
tr|A0A1Y2H299|A0A1Y2H299_9FUNG 3.2914624 2.7620721 3.0911357 2.1180637 2.1451765 2.2078524 1.9404169 1.1541138 0.7480067 2.3017729 2.1722991 2.2232324 0.8518452 0.8048770 0.7600085 0.7846204 0.8478609 0.8463379 0.8116207 0.8875695 0.7996034 0.8141978 1.1179297 1.0858840 1.0809357 1.4651392 0.7604980 0.6795801 0.6936092 0.8164098 0.7857980 1.8547906 0.6507675 0.6605812 0.7103450 0.8671974 0.7815439 0.6462773 0.0000000 1.5251597 0.2770100 1.5373318 0.3189199 0.3057904 1.3840124 2.1143822 4.0072922 4.0837762 0.8409529 2.3991220 1.3511085 1.1992822 1.2483746 1.8795182 1.3276251 1.4268738 2.5342694 1.6053837 1.6744198 1.4255606 2.0223479 1.5657105 3.9899719 3.9341652 3.1467070 3.3845876 3.1473726 2.8833189 2.9349778 1.8557859 1.6770029 1.9603821 1.7917585 1.9699860 1.9593536 1.9868801 2.4057597 
tr|A0A1Y2H2P3|A0A1Y2H2P3_9FUNG 3.1663627 2.8833023 3.0494360 2.3751813 2.2757753 2.8612507 2.3587533 2.1233350 1.4453410 2.6351521 2.3466845 2.5118035 1.6582580 1.6247014 1.5368524 1.5744255 1.5678811 1.4941504 1.5245792 1.6279593 1.7152181 1.5974047 1.7441990 1.9745833 2.0595836 2.0028364 1.4863399 1.4825085 1.7196620 1.7293806 1.4968736 1.4501130 1.6648972 1.5234688 1.4936201 1.6510883 1.6506554 1.4912671 1.5251597 0.0000000 1.4947703 0.0751142 1.4450906 1.4851339 1.7359062 2.6391897 4.4439684 4.7385955 1.6510755 1.6641802 2.2954626 2.2987049 1.3762622 1.3902462 1.6752659 1.8044690 1.7704685 2.1103531 2.2672740 1.7280766 1.0550576 2.0973836 3.3277616 3.1611329 2.9257641 3.3961584 2.6284606 2.3729648 2.8090880 1.4170722 1.4406254 1.6923191 1.4822568 1.5382482 1.2410983 1.2038720 2.1657077 
tr|A0A1Y2GXC2|A0A1Y2GXC2_9FUNG 3.3208891 2.9591455 3.1487071 1.9966486 2.0300024 2.1209518 1.9721454 1.2025421 0.7472998 2.3633387 2.1802938 2.3139102 0.8264440 0.8333204 0.6852933 0.7847991 0.7822695 0.8300364 0.8483858 0.8868379 0.7961810 0.8374687 1.0586853 1.0112479 1.0462416 1.4993073 0.7770287 0.7462152 0.7146490 0.7850378 0.8073379 2.0010447 0.6659400 0.6385182 0.7194379 0.9047545 0.8184619 0.6475130 0.2770100 1.4947703 0.0000000 1.5660016 0.1394696 0.2008309 1.4506464 2.1776531 4.6581861 4.1485469 0.8737232 2.4239747 1.3130685 1.2215116 1.2717158 1.8556357 1.3609087 1.4626489 2.3512063 1.6174630 1.6881186 1.4538146 1.7939781 1.5971531 3.5760548 3.9312591 3.5708369 3.4954593 2.9353449 2.7980348 2.7933678 1.8095291 1.7869859 1.9572277 1.8159946 1.9530179 1.9996893 2.2940860 2.5123385 
tr|A0A197JLF3|A0A197JLF3_9FUNG 3.2346406 2.8789059 3.1205513 2.4471705 2.3418738 2.8740353 2.5074585 2.1570601 1.4738760 2.6740829 2.4816079 2.7465694 1.7401186 1.7056930 1.6087159 1.6584117 1.6515057 1.5857874 1.5801306 1.6858254 1.7806416 1.6305855 1.8596281 2.1301568 2.2262355 2.0782980 1.5116078 1.5313565 1.7869838 1.7806585 1.5660350 1.4724000 1.7064944 1.5960569 1.6078093 1.7192367 1.7568646 1.5837352 1.5373318 0.0751142 1.5660016 0.0000000 1.5070289 1.5298777 1.8125581 2.7704758 4.7511962 4.8184200 1.6996370 1.6641122 2.3234977 2.4468188 1.4068474 1.4021415 1.7557553 1.8693114 1.8751942 2.1270217 2.3407715 1.8146453 1.0571271 2.0912253 3.4480719 3.1529429 2.9194300 3.4435200 2.6524201 2.4664722 2.9159755 1.5222352 1.5313787 1.7712896 1.5788896 1.6447093 1.2467434 1.1390296 2.2233654 
tr|A0A197KFB3|A0A197KFB3_9FUNG 3.3751705 2.9027133 3.2616012 2.0677245 2.0500812 2.0591876 1.9733273 1.1544684 0.7582785 2.3790625 2.2008187 2.3535399 0.8976437 0.9260849 0.7094581 0.8314289 0.8265314 0.8506425 0.8762902 0.9766274 0.8883906 0.8848320 1.0483081 1.0549659 1.0911425 1.5116471 0.7485215 0.7318986 0.7625928 0.8820826 0.8711554 2.0056422 0.6781745 0.6771799 0.7466281 0.9429314 0.8431902 0.6558864 0.3189199 1.4450906 0.1394696 1.5070289 0.0000000 0.1720407 1.4528018 2.1268064 4.5900241 4.2905694 0.8904446 2.6372323 1.3632463 1.1805758 1.2905305 1.8226792 1.4178857 1.4724803 2.2953560 1.7027964 1.8101718 1.4634849 1.8037180 1.6928208 3.6547456 3.8728065 3.6039662 3.5558595 3.0405668 2.7244744 2.9316951 1.8738330 1.7942912 1.9925109 1.8040097 1.9500089 1.9415279 2.1769239 2.4837147 
tr|A0A197KJC7|A0A197KJC7_9FUNG 3.1723987 2.7645305 3.1943217 1.9436599 2.0790466 2.1428096 1.9360433 1.1816228 0.8016385 2.3110380 2.2104279 2.2261040 0.8922305 0.9159050 0.7195566 0.7719232 0.7973693 0.8337071 0.8124863 0.9125277 0.8933176 0.8659015 1.0417337 1.0570604 1.1349406 1.4694657 0.7264636 0.6333677 0.7216072 0.8928338 0.7747338 1.9139681 0.6330188 0.6458454 0.7396061 0.8820805 0.7791706 0.6789492 0.3057904 1.4851339 0.2008309 1.5298777 0.1720407 0.0000000 1.4035216 2.0611841 4.6293650 4.0310685 0.8389628 2.4447205 1.3356741 1.2261459 1.2600164 1.8361056 1.3649106 1.4331469 2.3547445 1.5811805 1.6706525 1.4551646 1.8642836 1.6057830 3.6395669 3.9490768 3.3135599 3.5664545 3.0542135 2.8698817 2.8711497 1.8662934 1.8136219 1.8959070 1.8001152 1.8949920 1.9562916 2.0715899 2.6107721 
tr|A0A1Y1UN73|A0A1Y1UN73_9FUNG 3.4364768 2.9477311 3.5980307 2.5208494 2.5301921 2.5016104 2.0994973 1.8881391 1.7141484 2.7961519 2.3925566 2.7558360 1.7347649 1.6912883 1.6064259 1.4326289 1.4674557 1.5254608 1.5483008 1.4896333 1.6960172 1.6426327 1.6663821 1.8111157 1.8421210 2.1782030 1.3608944 1.4267872 1.6100854 1.6407994 1.4693265 2.2427457 1.4036435 1.3439502 1.4473672 1.6999047 1.6357047 1.4417829 1.3840124 1.7359062 1.4506464 1.8125581 1.4528018 1.4035216 0.0000000 2.5687357 4.7638291 4.1095929 1.6918804 2.2122050 1.9746021 1.8206671 1.4224874 2.3709822 1.5340151 0.1432701 2.7050376 1.2284774 1.2839882 0.1293224 2.0881309 1.2722920 3.6849207 3.9875983 3.6467682 3.7559201 2.7988143 2.8212865 3.3537055 2.0418212 2.1513903 2.1886708 2.2079361 2.3100449 1.9577120 2.3288441 2.7059381 
tr|A0A0L0SNY3|A0A0L0SNY3_ALLM3 3.3070532 2.7743549 3.1105191 2.6100567 2.2304276 2.3571519 2.0251317 2.3517343 1.9169237 2.4958184 2.6049649 2.5204794 2.0755163 1.9965682 2.1126868 2.1333292 2.0713590 2.0325414 2.0346900 2.2625356 2.1183425 2.1146819 1.8468801 2.1815275 2.1675355 2.3840187 2.0529607 1.9850144 2.2005921 2.2851639 2.0033748 2.8682309 1.9413754 1.8987864 2.2566383 2.0036042 2.2288416 2.0592392 2.1143822 2.6391897 2.1776531 2.7704758 2.1268064 2.0611841 2.5687357 0.0000000 5.5455153 4.2056002 1.8529877 2.5667228 2.9852094 2.4440376 2.5869716 2.8405244 2.3323651 2.5065670 3.9981193 2.7302856 2.8042058 2.4842188 3.2524476 2.5605470 4.1660831 4.1961299 4.6512555 4.4505438 3.7148227 3.5338299 3.9525093 3.0156855 3.3323140 3.6922304 3.1332100 3.1475924 2.5424431 2.9153409 3.0865461 
tr|A0A2G5B6M0|A0A2G5B6M0_COERN 5.7427865 5.8128905 6.4157456 5.1416348 5.5562767 5.4722734 5.0267542 4.6265140 4.4259714 5.5405900 5.4019369 5.0111448 4.9400233 4.9138273 4.3872194 4.4855732 4.8209967 4.5250885 4.4416484 4.5957693 4.8230198 5.1142282 5.6033732 5.8638903 5.4475991 4.9938905 4.8930031 5.0123287 4.1738948 4.7691166 5.4509636 5.6193686 4.6194412 4.9203853 4.3300642 4.5366898 5.3783997 4.5799518 4.0072922 4.4439684 4.6581861 4.7511962 4.5900241 4.6293650 4.7638291 5.5455153 0.0000000 3.8488644 5.4297932 6.2385579 5.1193101 5.5538306 4.0992249 5.5409684 4.6748819 4.9376866 5.4434300 4.9533099 5.1770047 4.9653578 5.4948344 5.1455981 6.0352210 5.8456196 6.3373345 5.6876148 6.3040347 7.0112330 7.0567550 5.1635800 4.9718143 5.2939140 5.1417112 5.1011555 4.3591216 5.3686236 5.3277184 
tr|A0A2G5B6M6|A0A2G5B6M6_COERN 4.7349551 4.5010205 5.2287495 3.6097789 3.6710723 4.5008793 3.9303547 4.0960599 3.9335889 4.8006211 4.0176039 3.7870189 4.0836076 4.0018300 3.9263258 4.2226899 4.2046097 4.4231395 4.3739377 4.2537426 3.9823903 4.2588634 4.3039090 4.9488066 4.8532896 3.8228769 3.9769583 4.2671141 4.2649157 4.5919535 4.8675331 3.8422830 4.3430480 4.3702022 4.1367315 3.9677837 4.9783058 3.7757786 4.0837762 4.7385955 4.1485469 4.8184200 4.2905694 4.0310685 4.1095929 4.2056002 3.8488644 0.0000000 4.2060642 4.1128510 3.9503760 4.8456853 4.2297595 5.2125140 4.4964015 4.3195410 4.3927244 3.9811620 4.0427523 4.1988369 3.8777369 3.8871178 5.2526063 4.6985497 4.8059313 4.4335162 4.3849423 4.3314135 5.5932488 4.7284029 4.5207691 4.1915079 4.2870330 4.2879996 3.7351761 4.1018699 5.1172861 
tr|A0A2G5BJ39|A0A2G5BJ39_COERN 3.7194786 3.4396744 3.3272815 2.2721904 2.0837980 2.1371068 1.6759820 1.4204476 0.9525901 2.6118184 2.3876504 2.0558210 1.1414925 1.1840481 1.0973454 1.0982865 1.0925746 1.1337533 1.1057617 1.1421771 1.1542902 1.1830936 1.0372453 1.1400598 1.1100220 1.7696043 0.9912801 0.8662592 1.0434190 1.0171328 0.9949326 1.9319171 0.8058619 0.7955782 0.9229713 0.9811022 0.9875793 0.9277958 0.8409529 1.6510755 0.8737232 1.6996370 0.8904446 0.8389628 1.6918804 1.8529877 5.4297932 4.2060642 0.0000000 2.2374971 1.7783293 1.3374499 1.6085230 1.8012441 1.5548547 1.7439494 2.5891383 1.9311397 1.9140213 1.7543441 2.0735650 1.9550231 3.8786264 3.6203533 3.9134609 3.6232401 3.3654081 3.6817651 3.3131403 2.0502706 2.1944330 2.3599833 2.0438823 2.0235128 1.9500954 2.1844089 2.7639539 
